0.0,0.0,0.0,0.0,0.0,0.0,0.0,0.0,0.0,0.0,0.0,0.0,0.0,0.0,0.0,0.0,0.0,0.0,0.0,0.0,0.0,0.0,0.0,0.0,0.0,0.0,0.0,0.0,0.0,0.0,0.0,0.0,0.0,0.0,0.0,0.0,0.0,0.0,0.0,0.0,0.0,0.0,0.0,0.0,0.0,0.0,0.0,0.0,0.0,0.0,0.0,0.0,0.0,0.0,0.0,0.0,0.0,0.0,0.0,0.0,0.0,0.0,0.0,0.0,0.0,0.0,0.0,0.0,0.0,0.0,0.0,0.0,0.0,0.0,0.0,0.0,0.0,0.0,0.0,0.0,0.0,0.0,0.0,0.0,0.0,0.0,0.0,0.0,0.0,0.0,0.0,0.0,0.0,0.0,0.0,0.0,0.0,0.0,0.0,0.0,0.0,0.0,0.0,0.0,0.0,0.0,0.0,0.0,0.0,0.0,0.0,0.0,0.0,0.0,0.0,0.0,0.0,0.0,0.0,0.0,0.0,0.0,0.0,0.0,0.0,0.0,0.0,0.0,0.0,0.0,0.0,0.0,0.0,0.0,0.0,0.0,0.0,0.0,0.0,0.0,0.0,0.0,0.0,0.0,0.0,0.0,0.0,0.0,0.0,0.0,0.0,0.0,0.0,0.0,0.0,0.0,0.0,0.0,0.0,0.0
0.0,0.75,1.5,2.25,3.0,3.75,4.5,5.25,6.0,6.75,7.5,8.25,9.0,9.75,10.5,11.25,12.0,12.75,13.5,14.25,15.0,15.75,16.5,17.25,18.0,18.75,19.5,20.25,21.0,21.75,22.5,23.25,24.0,24.75,25.5,26.25,27.0,27.75,28.5,29.25,30.0,30.75,31.5,32.25,33.0,33.75,34.5,35.25,36.0,36.75,37.5,38.25,39.0,39.75,40.5,41.25,42.0,42.75,43.5,44.25,45.0,45.75,46.5,47.25,48.0,48.75,49.5,50.25,51.0,51.75,52.5,53.25,54.0,54.75,55.5,56.25,57.0,57.75,58.5,59.25,60.0,60.75,61.5,62.25,63.0,63.75,64.5,65.25,66.0,66.75,67.5,68.25,69.0,69.75,70.5,71.25,72.0,72.75,73.5,74.25,75.0,75.75,76.5,77.25,78.0,78.75,79.5,80.25,81.0,81.75,82.5,83.25,84.0,84.75,85.5,86.25,87.0,87.75,88.5,89.25,90.0,90.75,91.5,92.25,93.0,93.75,94.5,95.25,96.0,96.75,97.5,98.25,99.0,99.75,100.5,101.25,102.0,102.75,103.5,104.25,105.0,105.75,106.5,107.25,108.0,108.75,109.5,110.25,111.0,111.75,112.5,113.25,114.0,114.75,115.5,116.25,117.0,117.75,118.5,119.25
0.0,1.5,3.0,4.5,6.0,7.5,9.0,10.5,12.0,13.5,15.0,16.5,18.0,19.5,21.0,22.5,24.0,25.5,27.0,28.5,30.0,31.5,33.0,34.5,36.0,37.5,39.0,40.5,42.0,43.5,45.0,46.5,48.0,49.5,51.0,52.5,54.0,55.5,57.0,58.5,60.0,61.5,63.0,64.5,66.0,67.5,69.0,70.5,72.0,73.5,75.0,76.5,78.0,79.5,81.0,82.5,84.0,85.5,87.0,88.5,90.0,91.5,93.0,94.5,96.0,97.5,99.0,100.5,102.0,103.5,105.0,106.5,108.0,109.5,111.0,112.5,114.0,115.5,117.0,118.5,120.0,121.5,123.0,124.5,126.0,127.5,129.0,130.5,132.0,133.5,135.0,136.5,138.0,139.5,141.0,142.5,144.0,145.5,147.0,148.5,150.0,151.5,153.0,154.5,156.0,157.5,159.0,160.5,162.0,163.5,165.0,166.5,168.0,169.5,171.0,172.5,174.0,175.5,177.0,178.5,180.0,181.5,183.0,184.5,186.0,187.5,189.0,190.5,192.0,193.5,195.0,196.5,198.0,199.5,201.0,202.5,204.0,205.5,207.0,208.5,210.0,211.5,213.0,214.5,216.0,217.5,219.0,220.5,222.0,223.5,225.0,226.5,228.0,229.5,231.0,232.5,234.0,235.5,237.0,238.5
0.0,2.25,4.5,6.75,9.0,11.25,13.5,15.75,18.0,20.25,22.5,24.75,27.0,29.25,31.5,33.75,36.0,38.25,40.5,42.75,45.0,47.25,49.5,51.75,54.0,56.25,58.5,60.75,63.0,65.25,67.5,69.75,72.0,74.25,76.5,78.75,81.0,83.25,85.5,87.75,90.0,92.25,94.5,96.75,99.0,101.25,103.5,105.75,108.0,110.25,112.5,114.75,117.0,119.25,121.5,123.75,126.0,128.25,130.5,132.75,135.0,137.25,139.5,141.75,144.0,146.25,148.5,150.75,153.0,155.25,157.5,159.75,162.0,164.25,166.5,168.75,171.0,173.25,175.5,177.75,180.0,182.25,184.5,186.75,189.0,191.25,193.5,195.75,198.0,200.25,202.5,204.75,207.0,209.25,211.5,213.75,216.0,218.25,220.5,222.75,225.0,227.25,229.5,231.75,234.0,236.25,238.5,240.75,243.0,245.25,247.5,249.75,252.0,254.25,256.5,258.75,261.0,263.25,265.5,267.75,270.0,272.25,274.5,276.75,279.0,281.25,283.5,285.75,288.0,290.25,292.5,294.75,297.0,299.25,301.5,303.75,306.0,308.25,310.5,312.75,315.0,317.25,319.5,321.75,324.0,326.25,328.5,330.75,333.0,335.25,337.5,339.75,342.0,344.25,346.5,348.75,351.0,353.25,355.5,357.75
0.0,3.0,6.0,9.0,12.0,15.0,18.0,21.0,24.0,27.0,30.0,33.0,36.0,39.0,42.0,45.0,48.0,51.0,54.0,57.0,60.0,63.0,66.0,69.0,72.0,75.0,78.0,81.0,84.0,87.0,90.0,93.0,96.0,99.0,102.0,105.0,108.0,111.0,114.0,117.0,120.0,123.0,126.0,129.0,132.0,135.0,138.0,141.0,144.0,147.0,150.0,153.0,156.0,159.0,162.0,165.0,168.0,171.0,174.0,177.0,180.0,183.0,186.0,189.0,192.0,195.0,198.0,201.0,204.0,207.0,210.0,213.0,216.0,219.0,222.0,225.0,228.0,231.0,234.0,237.0,240.0,243.0,246.0,249.0,252.0,255.0,258.0,261.0,264.0,267.0,270.0,273.0,276.0,279.0,282.0,285.0,288.0,291.0,294.0,297.0,300.0,303.0,306.0,309.0,312.0,315.0,318.0,321.0,324.0,327.0,330.0,333.0,336.0,339.0,342.0,345.0,348.0,351.0,354.0,357.0,360.0,363.0,366.0,369.0,372.0,375.0,378.0,381.0,384.0,387.0,390.0,393.0,396.0,399.0,402.0,405.0,408.0,411.0,414.0,417.0,420.0,423.0,426.0,429.0,432.0,435.0,438.0,441.0,444.0,447.0,450.0,453.0,456.0,459.0,462.0,465.0,468.0,471.0,474.0,477.0
0.0,3.75,7.5,11.25,15.0,18.75,22.5,26.25,30.0,33.75,37.5,41.25,45.0,48.75,52.5,56.25,60.0,63.75,67.5,71.25,75.0,78.75,82.5,86.25,90.0,93.75,97.5,101.25,105.0,108.75,112.5,116.25,120.0,123.75,127.5,131.25,135.0,138.75,142.5,146.25,150.0,153.75,157.5,161.25,165.0,168.75,172.5,176.25,180.0,183.75,187.5,191.25,195.0,198.75,202.5,206.25,210.0,213.75,217.5,221.25,225.0,228.75,232.5,236.25,240.0,243.75,247.5,251.25,255.0,258.75,262.5,266.25,270.0,273.75,277.5,281.25,285.0,288.75,292.5,296.25,300.0,303.75,307.5,311.25,315.0,318.75,322.5,326.25,330.0,333.75,337.5,341.25,345.0,348.75,352.5,356.25,360.0,363.75,367.5,371.25,375.0,378.75,382.5,386.25,390.0,393.75,397.5,401.25,405.0,408.75,412.5,416.25,420.0,423.75,427.5,431.25,435.0,438.75,442.5,446.25,450.0,453.75,457.5,461.25,465.0,468.75,472.5,476.25,480.0,483.75,487.5,491.25,495.0,498.75,502.5,506.25,510.0,513.75,517.5,521.25,525.0,528.75,532.5,536.25,540.0,543.75,547.5,551.25,555.0,558.75,562.5,566.25,570.0,573.75,577.5,581.25,585.0,588.75,592.5,596.25
0.0,4.5,9.0,13.5,18.0,22.5,27.0,31.5,36.0,40.5,45.0,49.5,54.0,58.5,63.0,67.5,72.0,76.5,81.0,85.5,90.0,94.5,99.0,103.5,108.0,112.5,117.0,121.5,126.0,130.5,135.0,139.5,144.0,148.5,153.0,157.5,162.0,166.5,171.0,175.5,180.0,184.5,189.0,193.5,198.0,202.5,207.0,211.5,216.0,220.5,225.0,229.5,234.0,238.5,243.0,247.5,252.0,256.5,261.0,265.5,270.0,274.5,279.0,283.5,288.0,292.5,297.0,301.5,306.0,310.5,315.0,319.5,324.0,328.5,333.0,337.5,342.0,346.5,351.0,355.5,360.0,364.5,369.0,373.5,378.0,382.5,387.0,391.5,396.0,400.5,405.0,409.5,414.0,418.5,423.0,427.5,432.0,436.5,441.0,445.5,450.0,454.5,459.0,463.5,468.0,472.5,477.0,481.5,486.0,490.5,495.0,499.5,504.0,508.5,513.0,517.5,522.0,526.5,531.0,535.5,540.0,544.5,549.0,553.5,558.0,562.5,567.0,571.5,576.0,580.5,585.0,589.5,594.0,598.5,603.0,607.5,612.0,616.5,621.0,625.5,630.0,634.5,639.0,643.5,648.0,652.5,657.0,661.5,666.0,670.5,675.0,679.5,684.0,688.5,693.0,697.5,702.0,706.5,711.0,715.5
0.0,5.25,10.5,15.75,21.0,26.25,31.5,36.75,42.0,47.25,52.5,57.75,63.0,68.25,73.5,78.75,84.0,89.25,94.5,99.75,105.0,110.25,115.5,120.75,126.0,131.25,136.5,141.75,147.0,152.25,157.5,162.75,168.0,173.25,178.5,183.75,189.0,194.25,199.5,204.75,210.0,215.25,220.5,225.75,231.0,236.25,241.5,246.75,252.0,257.25,262.5,267.75,273.0,278.25,283.5,288.75,294.0,299.25,304.5,309.75,315.0,320.25,325.5,330.75,336.0,341.25,346.5,351.75,357.0,362.25,367.5,372.75,378.0,383.25,388.5,393.75,399.0,404.25,409.5,414.75,420.0,425.25,430.5,435.75,441.0,446.25,451.5,456.75,462.0,467.25,472.5,477.75,483.0,488.25,493.5,498.75,504.0,509.25,514.5,519.75,525.0,530.25,535.5,540.75,546.0,551.25,556.5,561.75,567.0,572.25,577.5,582.75,588.0,593.25,598.5,603.75,609.0,614.25,619.5,624.75,630.0,635.25,640.5,645.75,651.0,656.25,661.5,666.75,672.0,677.25,682.5,687.75,693.0,698.25,703.5,708.75,714.0,719.25,724.5,729.75,735.0,740.25,745.5,750.75,756.0,761.25,766.5,771.75,777.0,782.25,787.5,792.75,798.0,803.25,808.5,813.75,819.0,824.25,829.5,834.75
0.0,6.0,12.0,18.0,24.0,30.0,36.0,42.0,48.0,54.0,60.0,66.0,72.0,78.0,84.0,90.0,96.0,102.0,108.0,114.0,120.0,126.0,132.0,138.0,144.0,150.0,156.0,162.0,168.0,174.0,180.0,186.0,192.0,198.0,204.0,210.0,216.0,222.0,228.0,234.0,240.0,246.0,252.0,258.0,264.0,270.0,276.0,282.0,288.0,294.0,300.0,306.0,312.0,318.0,324.0,330.0,336.0,342.0,348.0,354.0,360.0,366.0,372.0,378.0,384.0,390.0,396.0,402.0,408.0,414.0,420.0,426.0,432.0,438.0,444.0,450.0,456.0,462.0,468.0,474.0,480.0,486.0,492.0,498.0,504.0,510.0,516.0,522.0,528.0,534.0,540.0,546.0,552.0,558.0,564.0,570.0,576.0,582.0,588.0,594.0,600.0,606.0,612.0,618.0,624.0,630.0,636.0,642.0,648.0,654.0,660.0,666.0,672.0,678.0,684.0,690.0,696.0,702.0,708.0,714.0,720.0,726.0,732.0,738.0,744.0,750.0,756.0,762.0,768.0,774.0,780.0,786.0,792.0,798.0,804.0,810.0,816.0,822.0,828.0,834.0,840.0,846.0,852.0,858.0,864.0,870.0,876.0,882.0,888.0,894.0,900.0,906.0,912.0,918.0,924.0,930.0,936.0,942.0,948.0,954.0
0.0,6.75,13.5,20.25,27.0,33.75,40.5,47.25,54.0,60.75,67.5,74.25,81.0,87.75,94.5,101.25,108.0,114.75,121.5,128.25,135.0,141.75,148.5,155.25,162.0,168.75,175.5,182.25,189.0,195.75,202.5,209.25,216.0,222.75,229.5,236.25,243.0,249.75,256.5,263.25,270.0,276.75,283.5,290.25,297.0,303.75,310.5,317.25,324.0,330.75,337.5,344.25,351.0,357.75,364.5,371.25,378.0,384.75,391.5,398.25,405.0,411.75,418.5,425.25,432.0,438.75,445.5,452.25,459.0,465.75,472.5,479.25,486.0,492.75,499.5,506.25,513.0,519.75,526.5,533.25,540.0,546.75,553.5,560.25,567.0,573.75,580.5,587.25,594.0,600.75,607.5,614.25,621.0,627.75,634.5,641.25,648.0,654.75,661.5,668.25,675.0,681.75,688.5,695.25,702.0,708.75,715.5,722.25,729.0,735.75,742.5,749.25,756.0,762.75,769.5,776.25,783.0,789.75,796.5,803.25,810.0,816.75,823.5,830.25,837.0,843.75,850.5,857.25,864.0,870.75,877.5,884.25,891.0,897.75,904.5,911.25,918.0,924.75,931.5,938.25,945.0,951.75,958.5,965.25,972.0,978.75,985.5,992.25,999.0,1005.75,1012.5,1019.25,1026.0,1032.75,1039.5,1046.25,1053.0,1059.75,1066.5,1073.25
0.0,7.5,15.0,22.5,30.0,37.5,45.0,52.5,60.0,67.5,75.0,82.5,90.0,97.5,105.0,112.5,120.0,127.5,135.0,142.5,150.0,157.5,165.0,172.5,180.0,187.5,195.0,202.5,210.0,217.5,225.0,232.5,240.0,247.5,255.0,262.5,270.0,277.5,285.0,292.5,300.0,307.5,315.0,322.5,330.0,337.5,345.0,352.5,360.0,367.5,375.0,382.5,390.0,397.5,405.0,412.5,420.0,427.5,435.0,442.5,450.0,457.5,465.0,472.5,480.0,487.5,495.0,502.5,510.0,517.5,525.0,532.5,540.0,547.5,555.0,562.5,570.0,577.5,585.0,592.5,600.0,607.5,615.0,622.5,630.0,637.5,645.0,652.5,660.0,667.5,675.0,682.5,690.0,697.5,705.0,712.5,720.0,727.5,735.0,742.5,750.0,757.5,765.0,772.5,780.0,787.5,795.0,802.5,810.0,817.5,825.0,832.5,840.0,847.5,855.0,862.5,870.0,877.5,885.0,892.5,900.0,907.5,915.0,922.5,930.0,937.5,945.0,952.5,960.0,967.5,975.0,982.5,990.0,997.5,1005.0,1012.5,1020.0,1027.5,1035.0,1042.5,1050.0,1057.5,1065.0,1072.5,1080.0,1087.5,1095.0,1102.5,1110.0,1117.5,1125.0,1132.5,1140.0,1147.5,1155.0,1162.5,1170.0,1177.5,1185.0,1192.5
0.0,8.25,16.5,24.75,33.0,41.25,49.5,57.75,66.0,74.25,82.5,90.75,99.0,107.25,115.5,123.75,132.0,140.25,148.5,156.75,165.0,173.25,181.5,189.75,198.0,206.25,214.5,222.75,231.0,239.25,247.5,255.75,264.0,272.25,280.5,288.75,297.0,305.25,313.5,321.75,330.0,338.25,346.5,354.75,363.0,371.25,379.5,387.75,396.0,404.25,412.5,420.75,429.0,437.25,445.5,453.75,462.0,470.25,478.5,486.75,495.0,503.25,511.5,519.75,528.0,536.25,544.5,552.75,561.0,569.25,577.5,585.75,594.0,602.25,610.5,618.75,627.0,635.25,643.5,651.75,660.0,668.25,676.5,684.75,693.0,701.25,709.5,717.75,726.0,734.25,742.5,750.75,759.0,767.25,775.5,783.75,792.0,800.25,808.5,816.75,825.0,833.25,841.5,849.75,858.0,866.25,874.5,882.75,891.0,899.25,907.5,915.75,924.0,932.25,940.5,948.75,957.0,965.25,973.5,981.75,990.0,998.25,1006.5,1014.75,1023.0,1031.25,1039.5,1047.75,1056.0,1064.25,1072.5,1080.75,1089.0,1097.25,1105.5,1113.75,1122.0,1130.25,1138.5,1146.75,1155.0,1163.25,1171.5,1179.75,1188.0,1196.25,1204.5,1212.75,1221.0,1229.25,1237.5,1245.75,1254.0,1262.25,1270.5,1278.75,1287.0,1295.25,1303.5,1311.75
0.0,9.0,18.0,27.0,36.0,45.0,54.0,63.0,72.0,81.0,90.0,99.0,108.0,117.0,126.0,135.0,144.0,153.0,162.0,171.0,180.0,189.0,198.0,207.0,216.0,225.0,234.0,243.0,252.0,261.0,270.0,279.0,288.0,297.0,306.0,315.0,324.0,333.0,342.0,351.0,360.0,369.0,378.0,387.0,396.0,405.0,414.0,423.0,432.0,441.0,450.0,459.0,468.0,477.0,486.0,495.0,504.0,513.0,522.0,531.0,540.0,549.0,558.0,567.0,576.0,585.0,594.0,603.0,612.0,621.0,630.0,639.0,648.0,657.0,666.0,675.0,684.0,693.0,702.0,711.0,720.0,729.0,738.0,747.0,756.0,765.0,774.0,783.0,792.0,801.0,810.0,819.0,828.0,837.0,846.0,855.0,864.0,873.0,882.0,891.0,900.0,909.0,918.0,927.0,936.0,945.0,954.0,963.0,972.0,981.0,990.0,999.0,1008.0,1017.0,1026.0,1035.0,1044.0,1053.0,1062.0,1071.0,1080.0,1089.0,1098.0,1107.0,1116.0,1125.0,1134.0,1143.0,1152.0,1161.0,1170.0,1179.0,1188.0,1197.0,1206.0,1215.0,1224.0,1233.0,1242.0,1251.0,1260.0,1269.0,1278.0,1287.0,1296.0,1305.0,1314.0,1323.0,1332.0,1341.0,1350.0,1359.0,1368.0,1377.0,1386.0,1395.0,1404.0,1413.0,1422.0,1431.0
0.0,9.75,19.5,29.25,39.0,48.75,58.5,68.25,78.0,87.75,97.5,107.25,117.0,126.75,136.5,146.25,156.0,165.75,175.5,185.25,195.0,204.75,214.5,224.25,234.0,243.75,253.5,263.25,273.0,282.75,292.5,302.25,312.0,321.75,331.5,341.25,351.0,360.75,370.5,380.25,390.0,399.75,409.5,419.25,429.0,438.75,448.5,458.25,468.0,477.75,487.5,497.25,507.0,516.75,526.5,536.25,546.0,555.75,565.5,575.25,585.0,594.75,604.5,614.25,624.0,633.75,643.5,653.25,663.0,672.75,682.5,692.25,702.0,711.75,721.5,731.25,741.0,750.75,760.5,770.25,780.0,789.75,799.5,809.25,819.0,828.75,838.5,848.25,858.0,867.75,877.5,887.25,897.0,906.75,916.5,926.25,936.0,945.75,955.5,965.25,975.0,984.75,994.5,1004.25,1014.0,1023.75,1033.5,1043.25,1053.0,1062.75,1072.5,1082.25,1092.0,1101.75,1111.5,1121.25,1131.0,1140.75,1150.5,1160.25,1170.0,1179.75,1189.5,1199.25,1209.0,1218.75,1228.5,1238.25,1248.0,1257.75,1267.5,1277.25,1287.0,1296.75,1306.5,1316.25,1326.0,1335.75,1345.5,1355.25,1365.0,1374.75,1384.5,1394.25,1404.0,1413.75,1423.5,1433.25,1443.0,1452.75,1462.5,1472.25,1482.0,1491.75,1501.5,1511.25,1521.0,1530.75,1540.5,1550.25
0.0,10.5,21.0,31.5,42.0,52.5,63.0,73.5,84.0,94.5,105.0,115.5,126.0,136.5,147.0,157.5,168.0,178.5,189.0,199.5,210.0,220.5,231.0,241.5,252.0,262.5,273.0,283.5,294.0,304.5,315.0,325.5,336.0,346.5,357.0,367.5,378.0,388.5,399.0,409.5,420.0,430.5,441.0,451.5,462.0,472.5,483.0,493.5,504.0,514.5,525.0,535.5,546.0,556.5,567.0,577.5,588.0,598.5,609.0,619.5,630.0,640.5,651.0,661.5,672.0,682.5,693.0,703.5,714.0,724.5,735.0,745.5,756.0,766.5,777.0,787.5,798.0,808.5,819.0,829.5,840.0,850.5,861.0,871.5,882.0,892.5,903.0,913.5,924.0,934.5,945.0,955.5,966.0,976.5,987.0,997.5,1008.0,1018.5,1029.0,1039.5,1050.0,1060.5,1071.0,1081.5,1092.0,1102.5,1113.0,1123.5,1134.0,1144.5,1155.0,1165.5,1176.0,1186.5,1197.0,1207.5,1218.0,1228.5,1239.0,1249.5,1260.0,1270.5,1281.0,1291.5,1302.0,1312.5,1323.0,1333.5,1344.0,1354.5,1365.0,1375.5,1386.0,1396.5,1407.0,1417.5,1428.0,1438.5,1449.0,1459.5,1470.0,1480.5,1491.0,1501.5,1512.0,1522.5,1533.0,1543.5,1554.0,1564.5,1575.0,1585.5,1596.0,1606.5,1617.0,1627.5,1638.0,1648.5,1659.0,1669.5
0.0,11.25,22.5,33.75,45.0,56.25,67.5,78.75,90.0,101.25,112.5,123.75,135.0,146.25,157.5,168.75,180.0,191.25,202.5,213.75,225.0,236.25,247.5,258.75,270.0,281.25,292.5,303.75,315.0,326.25,337.5,348.75,360.0,371.25,382.5,393.75,405.0,416.25,427.5,438.75,450.0,461.25,472.5,483.75,495.0,506.25,517.5,528.75,540.0,551.25,562.5,573.75,585.0,596.25,607.5,618.75,630.0,641.25,652.5,663.75,675.0,686.25,697.5,708.75,720.0,731.25,742.5,753.75,765.0,776.25,787.5,798.75,810.0,821.25,832.5,843.75,855.0,866.25,877.5,888.75,900.0,911.25,922.5,933.75,945.0,956.25,967.5,978.75,990.0,1001.25,1012.5,1023.75,1035.0,1046.25,1057.5,1068.75,1080.0,1091.25,1102.5,1113.75,1125.0,1136.25,1147.5,1158.75,1170.0,1181.25,1192.5,1203.75,1215.0,1226.25,1237.5,1248.75,1260.0,1271.25,1282.5,1293.75,1305.0,1316.25,1327.5,1338.75,1350.0,1361.25,1372.5,1383.75,1395.0,1406.25,1417.5,1428.75,1440.0,1451.25,1462.5,1473.75,1485.0,1496.25,1507.5,1518.75,1530.0,1541.25,1552.5,1563.75,1575.0,1586.25,1597.5,1608.75,1620.0,1631.25,1642.5,1653.75,1665.0,1676.25,1687.5,1698.75,1710.0,1721.25,1732.5,1743.75,1755.0,1766.25,1777.5,1788.75
0.0,12.0,24.0,36.0,48.0,60.0,72.0,84.0,96.0,108.0,120.0,132.0,144.0,156.0,168.0,180.0,192.0,204.0,216.0,228.0,240.0,252.0,264.0,276.0,288.0,300.0,312.0,324.0,336.0,348.0,360.0,372.0,384.0,396.0,408.0,420.0,432.0,444.0,456.0,468.0,480.0,492.0,504.0,516.0,528.0,540.0,552.0,564.0,576.0,588.0,600.0,612.0,624.0,636.0,648.0,660.0,672.0,684.0,696.0,708.0,720.0,732.0,744.0,756.0,768.0,780.0,792.0,804.0,816.0,828.0,840.0,852.0,864.0,876.0,888.0,900.0,912.0,924.0,936.0,948.0,960.0,972.0,984.0,996.0,1008.0,1020.0,1032.0,1044.0,1056.0,1068.0,1080.0,1092.0,1104.0,1116.0,1128.0,1140.0,1152.0,1164.0,1176.0,1188.0,1200.0,1212.0,1224.0,1236.0,1248.0,1260.0,1272.0,1284.0,1296.0,1308.0,1320.0,1332.0,1344.0,1356.0,1368.0,1380.0,1392.0,1404.0,1416.0,1428.0,1440.0,1452.0,1464.0,1476.0,1488.0,1500.0,1512.0,1524.0,1536.0,1548.0,1560.0,1572.0,1584.0,1596.0,1608.0,1620.0,1632.0,1644.0,1656.0,1668.0,1680.0,1692.0,1704.0,1716.0,1728.0,1740.0,1752.0,1764.0,1776.0,1788.0,1800.0,1812.0,1824.0,1836.0,1848.0,1860.0,1872.0,1884.0,1896.0,1908.0
0.0,12.75,25.5,38.25,51.0,63.75,76.5,89.25,102.0,114.75,127.5,140.25,153.0,165.75,178.5,191.25,204.0,216.75,229.5,242.25,255.0,267.75,280.5,293.25,306.0,318.75,331.5,344.25,357.0,369.75,382.5,395.25,408.0,420.75,433.5,446.25,459.0,471.75,484.5,497.25,510.0,522.75,535.5,548.25,561.0,573.75,586.5,599.25,612.0,624.75,637.5,650.25,663.0,675.75,688.5,701.25,714.0,726.75,739.5,752.25,765.0,777.75,790.5,803.25,816.0,828.75,841.5,854.25,867.0,879.75,892.5,905.25,918.0,930.75,943.5,956.25,969.0,981.75,994.5,1007.25,1020.0,1032.75,1045.5,1058.25,1071.0,1083.75,1096.5,1109.25,1122.0,1134.75,1147.5,1160.25,1173.0,1185.75,1198.5,1211.25,1224.0,1236.75,1249.5,1262.25,1275.0,1287.75,1300.5,1313.25,1326.0,1338.75,1351.5,1364.25,1377.0,1389.75,1402.5,1415.25,1428.0,1440.75,1453.5,1466.25,1479.0,1491.75,1504.5,1517.25,1530.0,1542.75,1555.5,1568.25,1581.0,1593.75,1606.5,1619.25,1632.0,1644.75,1657.5,1670.25,1683.0,1695.75,1708.5,1721.25,1734.0,1746.75,1759.5,1772.25,1785.0,1797.75,1810.5,1823.25,1836.0,1848.75,1861.5,1874.25,1887.0,1899.75,1912.5,1925.25,1938.0,1950.75,1963.5,1976.25,1989.0,2001.75,2014.5,2027.25
0.0,13.5,27.0,40.5,54.0,67.5,81.0,94.5,108.0,121.5,135.0,148.5,162.0,175.5,189.0,202.5,216.0,229.5,243.0,256.5,270.0,283.5,297.0,310.5,324.0,337.5,351.0,364.5,378.0,391.5,405.0,418.5,432.0,445.5,459.0,472.5,486.0,499.5,513.0,526.5,540.0,553.5,567.0,580.5,594.0,607.5,621.0,634.5,648.0,661.5,675.0,688.5,702.0,715.5,729.0,742.5,756.0,769.5,783.0,796.5,810.0,823.5,837.0,850.5,864.0,877.5,891.0,904.5,918.0,931.5,945.0,958.5,972.0,985.5,999.0,1012.5,1026.0,1039.5,1053.0,1066.5,1080.0,1093.5,1107.0,1120.5,1134.0,1147.5,1161.0,1174.5,1188.0,1201.5,1215.0,1228.5,1242.0,1255.5,1269.0,1282.5,1296.0,1309.5,1323.0,1336.5,1350.0,1363.5,1377.0,1390.5,1404.0,1417.5,1431.0,1444.5,1458.0,1471.5,1485.0,1498.5,1512.0,1525.5,1539.0,1552.5,1566.0,1579.5,1593.0,1606.5,1620.0,1633.5,1647.0,1660.5,1674.0,1687.5,1701.0,1714.5,1728.0,1741.5,1755.0,1768.5,1782.0,1795.5,1809.0,1822.5,1836.0,1849.5,1863.0,1876.5,1890.0,1903.5,1917.0,1930.5,1944.0,1957.5,1971.0,1984.5,1998.0,2011.5,2025.0,2038.5,2052.0,2065.5,2079.0,2092.5,2106.0,2119.5,2133.0,2146.5
0.0,14.25,28.5,42.75,57.0,71.25,85.5,99.75,114.0,128.25,142.5,156.75,171.0,185.25,199.5,213.75,228.0,242.25,256.5,270.75,285.0,299.25,313.5,327.75,342.0,356.25,370.5,384.75,399.0,413.25,427.5,441.75,456.0,470.25,484.5,498.75,513.0,527.25,541.5,555.75,570.0,584.25,598.5,612.75,627.0,641.25,655.5,669.75,684.0,698.25,712.5,726.75,741.0,755.25,769.5,783.75,798.0,812.25,826.5,840.75,855.0,869.25,883.5,897.75,912.0,926.25,940.5,954.75,969.0,983.25,997.5,1011.75,1026.0,1040.25,1054.5,1068.75,1083.0,1097.25,1111.5,1125.75,1140.0,1154.25,1168.5,1182.75,1197.0,1211.25,1225.5,1239.75,1254.0,1268.25,1282.5,1296.75,1311.0,1325.25,1339.5,1353.75,1368.0,1382.25,1396.5,1410.75,1425.0,1439.25,1453.5,1467.75,1482.0,1496.25,1510.5,1524.75,1539.0,1553.25,1567.5,1581.75,1596.0,1610.25,1624.5,1638.75,1653.0,1667.25,1681.5,1695.75,1710.0,1724.25,1738.5,1752.75,1767.0,1781.25,1795.5,1809.75,1824.0,1838.25,1852.5,1866.75,1881.0,1895.25,1909.5,1923.75,1938.0,1952.25,1966.5,1980.75,1995.0,2009.25,2023.5,2037.75,2052.0,2066.25,2080.5,2094.75,2109.0,2123.25,2137.5,2151.75,2166.0,2180.25,2194.5,2208.75,2223.0,2237.25,2251.5,2265.75
0.0,15.0,30.0,45.0,60.0,75.0,90.0,105.0,120.0,135.0,150.0,165.0,180.0,195.0,210.0,225.0,240.0,255.0,270.0,285.0,300.0,315.0,330.0,345.0,360.0,375.0,390.0,405.0,420.0,435.0,450.0,465.0,480.0,495.0,510.0,525.0,540.0,555.0,570.0,585.0,600.0,615.0,630.0,645.0,660.0,675.0,690.0,705.0,720.0,735.0,750.0,765.0,780.0,795.0,810.0,825.0,840.0,855.0,870.0,885.0,900.0,915.0,930.0,945.0,960.0,975.0,990.0,1005.0,1020.0,1035.0,1050.0,1065.0,1080.0,1095.0,1110.0,1125.0,1140.0,1155.0,1170.0,1185.0,1200.0,1215.0,1230.0,1245.0,1260.0,1275.0,1290.0,1305.0,1320.0,1335.0,1350.0,1365.0,1380.0,1395.0,1410.0,1425.0,1440.0,1455.0,1470.0,1485.0,1500.0,1515.0,1530.0,1545.0,1560.0,1575.0,1590.0,1605.0,1620.0,1635.0,1650.0,1665.0,1680.0,1695.0,1710.0,1725.0,1740.0,1755.0,1770.0,1785.0,1800.0,1815.0,1830.0,1845.0,1860.0,1875.0,1890.0,1905.0,1920.0,1935.0,1950.0,1965.0,1980.0,1995.0,2010.0,2025.0,2040.0,2055.0,2070.0,2085.0,2100.0,2115.0,2130.0,2145.0,2160.0,2175.0,2190.0,2205.0,2220.0,2235.0,2250.0,2265.0,2280.0,2295.0,2310.0,2325.0,2340.0,2355.0,2370.0,2385.0
0.0,15.75,31.5,47.25,63.0,78.75,94.5,110.25,126.0,141.75,157.5,173.25,189.0,204.75,220.5,236.25,252.0,267.75,283.5,299.25,315.0,330.75,346.5,362.25,378.0,393.75,409.5,425.25,441.0,456.75,472.5,488.25,504.0,519.75,535.5,551.25,567.0,582.75,598.5,614.25,630.0,645.75,661.5,677.25,693.0,708.75,724.5,740.25,756.0,771.75,787.5,803.25,819.0,834.75,850.5,866.25,882.0,897.75,913.5,929.25,945.0,960.75,976.5,992.25,1008.0,1023.75,1039.5,1055.25,1071.0,1086.75,1102.5,1118.25,1134.0,1149.75,1165.5,1181.25,1197.0,1212.75,1228.5,1244.25,1260.0,1275.75,1291.5,1307.25,1323.0,1338.75,1354.5,1370.25,1386.0,1401.75,1417.5,1433.25,1449.0,1464.75,1480.5,1496.25,1512.0,1527.75,1543.5,1559.25,1575.0,1590.75,1606.5,1622.25,1638.0,1653.75,1669.5,1685.25,1701.0,1716.75,1732.5,1748.25,1764.0,1779.75,1795.5,1811.25,1827.0,1842.75,1858.5,1874.25,1890.0,1905.75,1921.5,1937.25,1953.0,1968.75,1984.5,2000.25,2016.0,2031.75,2047.5,2063.25,2079.0,2094.75,2110.5,2126.25,2142.0,2157.75,2173.5,2189.25,2205.0,2220.75,2236.5,2252.25,2268.0,2283.75,2299.5,2315.25,2331.0,2346.75,2362.5,2378.25,2394.0,2409.75,2425.5,2441.25,2457.0,2472.75,2488.5,2504.25
0.0,16.5,33.0,49.5,66.0,82.5,99.0,115.5,132.0,148.5,165.0,181.5,198.0,214.5,231.0,247.5,264.0,280.5,297.0,313.5,330.0,346.5,363.0,379.5,396.0,412.5,429.0,445.5,462.0,478.5,495.0,511.5,528.0,544.5,561.0,577.5,594.0,610.5,627.0,643.5,660.0,676.5,693.0,709.5,726.0,742.5,759.0,775.5,792.0,808.5,825.0,841.5,858.0,874.5,891.0,907.5,924.0,940.5,957.0,973.5,990.0,1006.5,1023.0,1039.5,1056.0,1072.5,1089.0,1105.5,1122.0,1138.5,1155.0,1171.5,1188.0,1204.5,1221.0,1237.5,1254.0,1270.5,1287.0,1303.5,1320.0,1336.5,1353.0,1369.5,1386.0,1402.5,1419.0,1435.5,1452.0,1468.5,1485.0,1501.5,1518.0,1534.5,1551.0,1567.5,1584.0,1600.5,1617.0,1633.5,1650.0,1666.5,1683.0,1699.5,1716.0,1732.5,1749.0,1765.5,1782.0,1798.5,1815.0,1831.5,1848.0,1864.5,1881.0,1897.5,1914.0,1930.5,1947.0,1963.5,1980.0,1996.5,2013.0,2029.5,2046.0,2062.5,2079.0,2095.5,2112.0,2128.5,2145.0,2161.5,2178.0,2194.5,2211.0,2227.5,2244.0,2260.5,2277.0,2293.5,2310.0,2326.5,2343.0,2359.5,2376.0,2392.5,2409.0,2425.5,2442.0,2458.5,2475.0,2491.5,2508.0,2524.5,2541.0,2557.5,2574.0,2590.5,2607.0,2623.5
0.0,17.25,34.5,51.75,69.0,86.25,103.5,120.75,138.0,155.25,172.5,189.75,207.0,224.25,241.5,258.75,276.0,293.25,310.5,327.75,345.0,362.25,379.5,396.75,414.0,431.25,448.5,465.75,483.0,500.25,517.5,534.75,552.0,569.25,586.5,603.75,621.0,638.25,655.5,672.75,690.0,707.25,724.5,741.75,759.0,776.25,793.5,810.75,828.0,845.25,862.5,879.75,897.0,914.25,931.5,948.75,966.0,983.25,1000.5,1017.75,1035.0,1052.25,1069.5,1086.75,1104.0,1121.25,1138.5,1155.75,1173.0,1190.25,1207.5,1224.75,1242.0,1259.25,1276.5,1293.75,1311.0,1328.25,1345.5,1362.75,1380.0,1397.25,1414.5,1431.75,1449.0,1466.25,1483.5,1500.75,1518.0,1535.25,1552.5,1569.75,1587.0,1604.25,1621.5,1638.75,1656.0,1673.25,1690.5,1707.75,1725.0,1742.25,1759.5,1776.75,1794.0,1811.25,1828.5,1845.75,1863.0,1880.25,1897.5,1914.75,1932.0,1949.25,1966.5,1983.75,2001.0,2018.25,2035.5,2052.75,2070.0,2087.25,2104.5,2121.75,2139.0,2156.25,2173.5,2190.75,2208.0,2225.25,2242.5,2259.75,2277.0,2294.25,2311.5,2328.75,2346.0,2363.25,2380.5,2397.75,2415.0,2432.25,2449.5,2466.75,2484.0,2501.25,2518.5,2535.75,2553.0,2570.25,2587.5,2604.75,2622.0,2639.25,2656.5,2673.75,2691.0,2708.25,2725.5,2742.75
0.0,18.0,36.0,54.0,72.0,90.0,108.0,126.0,144.0,162.0,180.0,198.0,216.0,234.0,252.0,270.0,288.0,306.0,324.0,342.0,360.0,378.0,396.0,414.0,432.0,450.0,468.0,486.0,504.0,522.0,540.0,558.0,576.0,594.0,612.0,630.0,648.0,666.0,684.0,702.0,720.0,738.0,756.0,774.0,792.0,810.0,828.0,846.0,864.0,882.0,900.0,918.0,936.0,954.0,972.0,990.0,1008.0,1026.0,1044.0,1062.0,1080.0,1098.0,1116.0,1134.0,1152.0,1170.0,1188.0,1206.0,1224.0,1242.0,1260.0,1278.0,1296.0,1314.0,1332.0,1350.0,1368.0,1386.0,1404.0,1422.0,1440.0,1458.0,1476.0,1494.0,1512.0,1530.0,1548.0,1566.0,1584.0,1602.0,1620.0,1638.0,1656.0,1674.0,1692.0,1710.0,1728.0,1746.0,1764.0,1782.0,1800.0,1818.0,1836.0,1854.0,1872.0,1890.0,1908.0,1926.0,1944.0,1962.0,1980.0,1998.0,2016.0,2034.0,2052.0,2070.0,2088.0,2106.0,2124.0,2142.0,2160.0,2178.0,2196.0,2214.0,2232.0,2250.0,2268.0,2286.0,2304.0,2322.0,2340.0,2358.0,2376.0,2394.0,2412.0,2430.0,2448.0,2466.0,2484.0,2502.0,2520.0,2538.0,2556.0,2574.0,2592.0,2610.0,2628.0,2646.0,2664.0,2682.0,2700.0,2718.0,2736.0,2754.0,2772.0,2790.0,2808.0,2826.0,2844.0,2862.0
0.0,18.75,37.5,56.25,75.0,93.75,112.5,131.25,150.0,168.75,187.5,206.25,225.0,243.75,262.5,281.25,300.0,318.75,337.5,356.25,375.0,393.75,412.5,431.25,450.0,468.75,487.5,506.25,525.0,543.75,562.5,581.25,600.0,618.75,637.5,656.25,675.0,693.75,712.5,731.25,750.0,768.75,787.5,806.25,825.0,843.75,862.5,881.25,900.0,918.75,937.5,956.25,975.0,993.75,1012.5,1031.25,1050.0,1068.75,1087.5,1106.25,1125.0,1143.75,1162.5,1181.25,1200.0,1218.75,1237.5,1256.25,1275.0,1293.75,1312.5,1331.25,1350.0,1368.75,1387.5,1406.25,1425.0,1443.75,1462.5,1481.25,1500.0,1518.75,1537.5,1556.25,1575.0,1593.75,1612.5,1631.25,1650.0,1668.75,1687.5,1706.25,1725.0,1743.75,1762.5,1781.25,1800.0,1818.75,1837.5,1856.25,1875.0,1893.75,1912.5,1931.25,1950.0,1968.75,1987.5,2006.25,2025.0,2043.75,2062.5,2081.25,2100.0,2118.75,2137.5,2156.25,2175.0,2193.75,2212.5,2231.25,2250.0,2268.75,2287.5,2306.25,2325.0,2343.75,2362.5,2381.25,2400.0,2418.75,2437.5,2456.25,2475.0,2493.75,2512.5,2531.25,2550.0,2568.75,2587.5,2606.25,2625.0,2643.75,2662.5,2681.25,2700.0,2718.75,2737.5,2756.25,2775.0,2793.75,2812.5,2831.25,2850.0,2868.75,2887.5,2906.25,2925.0,2943.75,2962.5,2981.25
0.0,19.5,39.0,58.5,78.0,97.5,117.0,136.5,156.0,175.5,195.0,214.5,234.0,253.5,273.0,292.5,312.0,331.5,351.0,370.5,390.0,409.5,429.0,448.5,468.0,487.5,507.0,526.5,546.0,565.5,585.0,604.5,624.0,643.5,663.0,682.5,702.0,721.5,741.0,760.5,780.0,799.5,819.0,838.5,858.0,877.5,897.0,916.5,936.0,955.5,975.0,994.5,1014.0,1033.5,1053.0,1072.5,1092.0,1111.5,1131.0,1150.5,1170.0,1189.5,1209.0,1228.5,1248.0,1267.5,1287.0,1306.5,1326.0,1345.5,1365.0,1384.5,1404.0,1423.5,1443.0,1462.5,1482.0,1501.5,1521.0,1540.5,1560.0,1579.5,1599.0,1618.5,1638.0,1657.5,1677.0,1696.5,1716.0,1735.5,1755.0,1774.5,1794.0,1813.5,1833.0,1852.5,1872.0,1891.5,1911.0,1930.5,1950.0,1969.5,1989.0,2008.5,2028.0,2047.5,2067.0,2086.5,2106.0,2125.5,2145.0,2164.5,2184.0,2203.5,2223.0,2242.5,2262.0,2281.5,2301.0,2320.5,2340.0,2359.5,2379.0,2398.5,2418.0,2437.5,2457.0,2476.5,2496.0,2515.5,2535.0,2554.5,2574.0,2593.5,2613.0,2632.5,2652.0,2671.5,2691.0,2710.5,2730.0,2749.5,2769.0,2788.5,2808.0,2827.5,2847.0,2866.5,2886.0,2905.5,2925.0,2944.5,2964.0,2983.5,3003.0,3022.5,3042.0,3061.5,3081.0,3100.5
0.0,20.25,40.5,60.75,81.0,101.25,121.5,141.75,162.0,182.25,202.5,222.75,243.0,263.25,283.5,303.75,324.0,344.25,364.5,384.75,405.0,425.25,445.5,465.75,486.0,506.25,526.5,546.75,567.0,587.25,607.5,627.75,648.0,668.25,688.5,708.75,729.0,749.25,769.5,789.75,810.0,830.25,850.5,870.75,891.0,911.25,931.5,951.75,972.0,992.25,1012.5,1032.75,1053.0,1073.25,1093.5,1113.75,1134.0,1154.25,1174.5,1194.75,1215.0,1235.25,1255.5,1275.75,1296.0,1316.25,1336.5,1356.75,1377.0,1397.25,1417.5,1437.75,1458.0,1478.25,1498.5,1518.75,1539.0,1559.25,1579.5,1599.75,1620.0,1640.25,1660.5,1680.75,1701.0,1721.25,1741.5,1761.75,1782.0,1802.25,1822.5,1842.75,1863.0,1883.25,1903.5,1923.75,1944.0,1964.25,1984.5,2004.75,2025.0,2045.25,2065.5,2085.75,2106.0,2126.25,2146.5,2166.75,2187.0,2207.25,2227.5,2247.75,2268.0,2288.25,2308.5,2328.75,2349.0,2369.25,2389.5,2409.75,2430.0,2450.25,2470.5,2490.75,2511.0,2531.25,2551.5,2571.75,2592.0,2612.25,2632.5,2652.75,2673.0,2693.25,2713.5,2733.75,2754.0,2774.25,2794.5,2814.75,2835.0,2855.25,2875.5,2895.75,2916.0,2936.25,2956.5,2976.75,2997.0,3017.25,3037.5,3057.75,3078.0,3098.25,3118.5,3138.75,3159.0,3179.25,3199.5,3219.75
0.0,21.0,42.0,63.0,84.0,105.0,126.0,147.0,168.0,189.0,210.0,231.0,252.0,273.0,294.0,315.0,336.0,357.0,378.0,399.0,420.0,441.0,462.0,483.0,504.0,525.0,546.0,567.0,588.0,609.0,630.0,651.0,672.0,693.0,714.0,735.0,756.0,777.0,798.0,819.0,840.0,861.0,882.0,903.0,924.0,945.0,966.0,987.0,1008.0,1029.0,1050.0,1071.0,1092.0,1113.0,1134.0,1155.0,1176.0,1197.0,1218.0,1239.0,1260.0,1281.0,1302.0,1323.0,1344.0,1365.0,1386.0,1407.0,1428.0,1449.0,1470.0,1491.0,1512.0,1533.0,1554.0,1575.0,1596.0,1617.0,1638.0,1659.0,1680.0,1701.0,1722.0,1743.0,1764.0,1785.0,1806.0,1827.0,1848.0,1869.0,1890.0,1911.0,1932.0,1953.0,1974.0,1995.0,2016.0,2037.0,2058.0,2079.0,2100.0,2121.0,2142.0,2163.0,2184.0,2205.0,2226.0,2247.0,2268.0,2289.0,2310.0,2331.0,2352.0,2373.0,2394.0,2415.0,2436.0,2457.0,2478.0,2499.0,2520.0,2541.0,2562.0,2583.0,2604.0,2625.0,2646.0,2667.0,2688.0,2709.0,2730.0,2751.0,2772.0,2793.0,2814.0,2835.0,2856.0,2877.0,2898.0,2919.0,2940.0,2961.0,2982.0,3003.0,3024.0,3045.0,3066.0,3087.0,3108.0,3129.0,3150.0,3171.0,3192.0,3213.0,3234.0,3255.0,3276.0,3297.0,3318.0,3339.0
0.0,21.75,43.5,65.25,87.0,108.75,130.5,152.25,174.0,195.75,217.5,239.25,261.0,282.75,304.5,326.25,348.0,369.75,391.5,413.25,435.0,456.75,478.5,500.25,522.0,543.75,565.5,587.25,609.0,630.75,652.5,674.25,696.0,717.75,739.5,761.25,783.0,804.75,826.5,848.25,870.0,891.75,913.5,935.25,957.0,978.75,1000.5,1022.25,1044.0,1065.75,1087.5,1109.25,1131.0,1152.75,1174.5,1196.25,1218.0,1239.75,1261.5,1283.25,1305.0,1326.75,1348.5,1370.25,1392.0,1413.75,1435.5,1457.25,1479.0,1500.75,1522.5,1544.25,1566.0,1587.75,1609.5,1631.25,1653.0,1674.75,1696.5,1718.25,1740.0,1761.75,1783.5,1805.25,1827.0,1848.75,1870.5,1892.25,1914.0,1935.75,1957.5,1979.25,2001.0,2022.75,2044.5,2066.25,2088.0,2109.75,2131.5,2153.25,2175.0,2196.75,2218.5,2240.25,2262.0,2283.75,2305.5,2327.25,2349.0,2370.75,2392.5,2414.25,2436.0,2457.75,2479.5,2501.25,2523.0,2544.75,2566.5,2588.25,2610.0,2631.75,2653.5,2675.25,2697.0,2718.75,2740.5,2762.25,2784.0,2805.75,2827.5,2849.25,2871.0,2892.75,2914.5,2936.25,2958.0,2979.75,3001.5,3023.25,3045.0,3066.75,3088.5,3110.25,3132.0,3153.75,3175.5,3197.25,3219.0,3240.75,3262.5,3284.25,3306.0,3327.75,3349.5,3371.25,3393.0,3414.75,3436.5,3458.25
0.0,22.5,45.0,67.5,90.0,112.5,135.0,157.5,180.0,202.5,225.0,247.5,270.0,292.5,315.0,337.5,360.0,382.5,405.0,427.5,450.0,472.5,495.0,517.5,540.0,562.5,585.0,607.5,630.0,652.5,675.0,697.5,720.0,742.5,765.0,787.5,810.0,832.5,855.0,877.5,900.0,922.5,945.0,967.5,990.0,1012.5,1035.0,1057.5,1080.0,1102.5,1125.0,1147.5,1170.0,1192.5,1215.0,1237.5,1260.0,1282.5,1305.0,1327.5,1350.0,1372.5,1395.0,1417.5,1440.0,1462.5,1485.0,1507.5,1530.0,1552.5,1575.0,1597.5,1620.0,1642.5,1665.0,1687.5,1710.0,1732.5,1755.0,1777.5,1800.0,1822.5,1845.0,1867.5,1890.0,1912.5,1935.0,1957.5,1980.0,2002.5,2025.0,2047.5,2070.0,2092.5,2115.0,2137.5,2160.0,2182.5,2205.0,2227.5,2250.0,2272.5,2295.0,2317.5,2340.0,2362.5,2385.0,2407.5,2430.0,2452.5,2475.0,2497.5,2520.0,2542.5,2565.0,2587.5,2610.0,2632.5,2655.0,2677.5,2700.0,2722.5,2745.0,2767.5,2790.0,2812.5,2835.0,2857.5,2880.0,2902.5,2925.0,2947.5,2970.0,2992.5,3015.0,3037.5,3060.0,3082.5,3105.0,3127.5,3150.0,3172.5,3195.0,3217.5,3240.0,3262.5,3285.0,3307.5,3330.0,3352.5,3375.0,3397.5,3420.0,3442.5,3465.0,3487.5,3510.0,3532.5,3555.0,3577.5
0.0,23.25,46.5,69.75,93.0,116.25,139.5,162.75,186.0,209.25,232.5,255.75,279.0,302.25,325.5,348.75,372.0,395.25,418.5,441.75,465.0,488.25,511.5,534.75,558.0,581.25,604.5,627.75,651.0,674.25,697.5,720.75,744.0,767.25,790.5,813.75,837.0,860.25,883.5,906.75,930.0,953.25,976.5,999.75,1023.0,1046.25,1069.5,1092.75,1116.0,1139.25,1162.5,1185.75,1209.0,1232.25,1255.5,1278.75,1302.0,1325.25,1348.5,1371.75,1395.0,1418.25,1441.5,1464.75,1488.0,1511.25,1534.5,1557.75,1581.0,1604.25,1627.5,1650.75,1674.0,1697.25,1720.5,1743.75,1767.0,1790.25,1813.5,1836.75,1860.0,1883.25,1906.5,1929.75,1953.0,1976.25,1999.5,2022.75,2046.0,2069.25,2092.5,2115.75,2139.0,2162.25,2185.5,2208.75,2232.0,2255.25,2278.5,2301.75,2325.0,2348.25,2371.5,2394.75,2418.0,2441.25,2464.5,2487.75,2511.0,2534.25,2557.5,2580.75,2604.0,2627.25,2650.5,2673.75,2697.0,2720.25,2743.5,2766.75,2790.0,2813.25,2836.5,2859.75,2883.0,2906.25,2929.5,2952.75,2976.0,2999.25,3022.5,3045.75,3069.0,3092.25,3115.5,3138.75,3162.0,3185.25,3208.5,3231.75,3255.0,3278.25,3301.5,3324.75,3348.0,3371.25,3394.5,3417.75,3441.0,3464.25,3487.5,3510.75,3534.0,3557.25,3580.5,3603.75,3627.0,3650.25,3673.5,3696.75
0.0,24.0,48.0,72.0,96.0,120.0,144.0,168.0,192.0,216.0,240.0,264.0,288.0,312.0,336.0,360.0,384.0,408.0,432.0,456.0,480.0,504.0,528.0,552.0,576.0,600.0,624.0,648.0,672.0,696.0,720.0,744.0,768.0,792.0,816.0,840.0,864.0,888.0,912.0,936.0,960.0,984.0,1008.0,1032.0,1056.0,1080.0,1104.0,1128.0,1152.0,1176.0,1200.0,1224.0,1248.0,1272.0,1296.0,1320.0,1344.0,1368.0,1392.0,1416.0,1440.0,1464.0,1488.0,1512.0,1536.0,1560.0,1584.0,1608.0,1632.0,1656.0,1680.0,1704.0,1728.0,1752.0,1776.0,1800.0,1824.0,1848.0,1872.0,1896.0,1920.0,1944.0,1968.0,1992.0,2016.0,2040.0,2064.0,2088.0,2112.0,2136.0,2160.0,2184.0,2208.0,2232.0,2256.0,2280.0,2304.0,2328.0,2352.0,2376.0,2400.0,2424.0,2448.0,2472.0,2496.0,2520.0,2544.0,2568.0,2592.0,2616.0,2640.0,2664.0,2688.0,2712.0,2736.0,2760.0,2784.0,2808.0,2832.0,2856.0,2880.0,2904.0,2928.0,2952.0,2976.0,3000.0,3024.0,3048.0,3072.0,3096.0,3120.0,3144.0,3168.0,3192.0,3216.0,3240.0,3264.0,3288.0,3312.0,3336.0,3360.0,3384.0,3408.0,3432.0,3456.0,3480.0,3504.0,3528.0,3552.0,3576.0,3600.0,3624.0,3648.0,3672.0,3696.0,3720.0,3744.0,3768.0,3792.0,3816.0
0.0,24.75,49.5,74.25,99.0,123.75,148.5,173.25,198.0,222.75,247.5,272.25,297.0,321.75,346.5,371.25,396.0,420.75,445.5,470.25,495.0,519.75,544.5,569.25,594.0,618.75,643.5,668.25,693.0,717.75,742.5,767.25,792.0,816.75,841.5,866.25,891.0,915.75,940.5,965.25,990.0,1014.75,1039.5,1064.25,1089.0,1113.75,1138.5,1163.25,1188.0,1212.75,1237.5,1262.25,1287.0,1311.75,1336.5,1361.25,1386.0,1410.75,1435.5,1460.25,1485.0,1509.75,1534.5,1559.25,1584.0,1608.75,1633.5,1658.25,1683.0,1707.75,1732.5,1757.25,1782.0,1806.75,1831.5,1856.25,1881.0,1905.75,1930.5,1955.25,1980.0,2004.75,2029.5,2054.25,2079.0,2103.75,2128.5,2153.25,2178.0,2202.75,2227.5,2252.25,2277.0,2301.75,2326.5,2351.25,2376.0,2400.75,2425.5,2450.25,2475.0,2499.75,2524.5,2549.25,2574.0,2598.75,2623.5,2648.25,2673.0,2697.75,2722.5,2747.25,2772.0,2796.75,2821.5,2846.25,2871.0,2895.75,2920.5,2945.25,2970.0,2994.75,3019.5,3044.25,3069.0,3093.75,3118.5,3143.25,3168.0,3192.75,3217.5,3242.25,3267.0,3291.75,3316.5,3341.25,3366.0,3390.75,3415.5,3440.25,3465.0,3489.75,3514.5,3539.25,3564.0,3588.75,3613.5,3638.25,3663.0,3687.75,3712.5,3737.25,3762.0,3786.75,3811.5,3836.25,3861.0,3885.75,3910.5,3935.25
0.0,25.5,51.0,76.5,102.0,127.5,153.0,178.5,204.0,229.5,255.0,280.5,306.0,331.5,357.0,382.5,408.0,433.5,459.0,484.5,510.0,535.5,561.0,586.5,612.0,637.5,663.0,688.5,714.0,739.5,765.0,790.5,816.0,841.5,867.0,892.5,918.0,943.5,969.0,994.5,1020.0,1045.5,1071.0,1096.5,1122.0,1147.5,1173.0,1198.5,1224.0,1249.5,1275.0,1300.5,1326.0,1351.5,1377.0,1402.5,1428.0,1453.5,1479.0,1504.5,1530.0,1555.5,1581.0,1606.5,1632.0,1657.5,1683.0,1708.5,1734.0,1759.5,1785.0,1810.5,1836.0,1861.5,1887.0,1912.5,1938.0,1963.5,1989.0,2014.5,2040.0,2065.5,2091.0,2116.5,2142.0,2167.5,2193.0,2218.5,2244.0,2269.5,2295.0,2320.5,2346.0,2371.5,2397.0,2422.5,2448.0,2473.5,2499.0,2524.5,2550.0,2575.5,2601.0,2626.5,2652.0,2677.5,2703.0,2728.5,2754.0,2779.5,2805.0,2830.5,2856.0,2881.5,2907.0,2932.5,2958.0,2983.5,3009.0,3034.5,3060.0,3085.5,3111.0,3136.5,3162.0,3187.5,3213.0,3238.5,3264.0,3289.5,3315.0,3340.5,3366.0,3391.5,3417.0,3442.5,3468.0,3493.5,3519.0,3544.5,3570.0,3595.5,3621.0,3646.5,3672.0,3697.5,3723.0,3748.5,3774.0,3799.5,3825.0,3850.5,3876.0,3901.5,3927.0,3952.5,3978.0,4003.5,4029.0,4054.5
0.0,26.25,52.5,78.75,105.0,131.25,157.5,183.75,210.0,236.25,262.5,288.75,315.0,341.25,367.5,393.75,420.0,446.25,472.5,498.75,525.0,551.25,577.5,603.75,630.0,656.25,682.5,708.75,735.0,761.25,787.5,813.75,840.0,866.25,892.5,918.75,945.0,971.25,997.5,1023.75,1050.0,1076.25,1102.5,1128.75,1155.0,1181.25,1207.5,1233.75,1260.0,1286.25,1312.5,1338.75,1365.0,1391.25,1417.5,1443.75,1470.0,1496.25,1522.5,1548.75,1575.0,1601.25,1627.5,1653.75,1680.0,1706.25,1732.5,1758.75,1785.0,1811.25,1837.5,1863.75,1890.0,1916.25,1942.5,1968.75,1995.0,2021.25,2047.5,2073.75,2100.0,2126.25,2152.5,2178.75,2205.0,2231.25,2257.5,2283.75,2310.0,2336.25,2362.5,2388.75,2415.0,2441.25,2467.5,2493.75,2520.0,2546.25,2572.5,2598.75,2625.0,2651.25,2677.5,2703.75,2730.0,2756.25,2782.5,2808.75,2835.0,2861.25,2887.5,2913.75,2940.0,2966.25,2992.5,3018.75,3045.0,3071.25,3097.5,3123.75,3150.0,3176.25,3202.5,3228.75,3255.0,3281.25,3307.5,3333.75,3360.0,3386.25,3412.5,3438.75,3465.0,3491.25,3517.5,3543.75,3570.0,3596.25,3622.5,3648.75,3675.0,3701.25,3727.5,3753.75,3780.0,3806.25,3832.5,3858.75,3885.0,3911.25,3937.5,3963.75,3990.0,4016.25,4042.5,4068.75,4095.0,4121.25,4147.5,4173.75
0.0,27.0,54.0,81.0,108.0,135.0,162.0,189.0,216.0,243.0,270.0,297.0,324.0,351.0,378.0,405.0,432.0,459.0,486.0,513.0,540.0,567.0,594.0,621.0,648.0,675.0,702.0,729.0,756.0,783.0,810.0,837.0,864.0,891.0,918.0,945.0,972.0,999.0,1026.0,1053.0,1080.0,1107.0,1134.0,1161.0,1188.0,1215.0,1242.0,1269.0,1296.0,1323.0,1350.0,1377.0,1404.0,1431.0,1458.0,1485.0,1512.0,1539.0,1566.0,1593.0,1620.0,1647.0,1674.0,1701.0,1728.0,1755.0,1782.0,1809.0,1836.0,1863.0,1890.0,1917.0,1944.0,1971.0,1998.0,2025.0,2052.0,2079.0,2106.0,2133.0,2160.0,2187.0,2214.0,2241.0,2268.0,2295.0,2322.0,2349.0,2376.0,2403.0,2430.0,2457.0,2484.0,2511.0,2538.0,2565.0,2592.0,2619.0,2646.0,2673.0,2700.0,2727.0,2754.0,2781.0,2808.0,2835.0,2862.0,2889.0,2916.0,2943.0,2970.0,2997.0,3024.0,3051.0,3078.0,3105.0,3132.0,3159.0,3186.0,3213.0,3240.0,3267.0,3294.0,3321.0,3348.0,3375.0,3402.0,3429.0,3456.0,3483.0,3510.0,3537.0,3564.0,3591.0,3618.0,3645.0,3672.0,3699.0,3726.0,3753.0,3780.0,3807.0,3834.0,3861.0,3888.0,3915.0,3942.0,3969.0,3996.0,4023.0,4050.0,4077.0,4104.0,4131.0,4158.0,4185.0,4212.0,4239.0,4266.0,4293.0
0.0,27.75,55.5,83.25,111.0,138.75,166.5,194.25,222.0,249.75,277.5,305.25,333.0,360.75,388.5,416.25,444.0,471.75,499.5,527.25,555.0,582.75,610.5,638.25,666.0,693.75,721.5,749.25,777.0,804.75,832.5,860.25,888.0,915.75,943.5,971.25,999.0,1026.75,1054.5,1082.25,1110.0,1137.75,1165.5,1193.25,1221.0,1248.75,1276.5,1304.25,1332.0,1359.75,1387.5,1415.25,1443.0,1470.75,1498.5,1526.25,1554.0,1581.75,1609.5,1637.25,1665.0,1692.75,1720.5,1748.25,1776.0,1803.75,1831.5,1859.25,1887.0,1914.75,1942.5,1970.25,1998.0,2025.75,2053.5,2081.25,2109.0,2136.75,2164.5,2192.25,2220.0,2247.75,2275.5,2303.25,2331.0,2358.75,2386.5,2414.25,2442.0,2469.75,2497.5,2525.25,2553.0,2580.75,2608.5,2636.25,2664.0,2691.75,2719.5,2747.25,2775.0,2802.75,2830.5,2858.25,2886.0,2913.75,2941.5,2969.25,2997.0,3024.75,3052.5,3080.25,3108.0,3135.75,3163.5,3191.25,3219.0,3246.75,3274.5,3302.25,3330.0,3357.75,3385.5,3413.25,3441.0,3468.75,3496.5,3524.25,3552.0,3579.75,3607.5,3635.25,3663.0,3690.75,3718.5,3746.25,3774.0,3801.75,3829.5,3857.25,3885.0,3912.75,3940.5,3968.25,3996.0,4023.75,4051.5,4079.25,4107.0,4134.75,4162.5,4190.25,4218.0,4245.75,4273.5,4301.25,4329.0,4356.75,4384.5,4412.25
