0,0,0,0,0,0,0,0,0,0,0,0,0,0,0,0,0,0,0,0,0,0,0,0,0,0,0,0,0,0,0,0,0,0,0,0,0,0,0,0,0,0,0,0,0,0,0,0,0,0,0,0,0,0,0,0,0,0,0,0,0,0,0,0,0,0,0,0,0,0,0,0,0,0,0,0,0,0,0,0,0,0,0,0,0,0,0,0,0,0,0,0,0,0,0,0,0,0,0,0,0,0,0,0,0,0,0,0,0,0,0,0,0,0,0,0,0,0,0,0,0,0,0,0,0,0,0,0,0,0,0,0,0,0,0,0,0,0,0,0,0,0,0,0,0,0,0,0,0,0,0,0,0,0,0,0,0,0,0,0
0,1,2,3,4,5,6,7,8,9,10,11,12,13,14,15,16,17,18,19,20,21,22,23,24,25,26,27,28,29,30,31,32,33,34,35,36,37,38,39,40,41,42,43,44,45,46,47,48,49,50,51,52,53,54,55,56,57,58,59,60,61,62,63,64,65,66,67,68,69,70,71,72,73,74,75,76,77,78,79,80,81,82,83,84,85,86,87,88,89,90,91,92,93,94,95,96,97,98,99,100,101,102,103,104,105,106,107,108,109,110,111,112,113,114,115,116,117,118,119,120,121,122,123,124,125,126,127,128,129,130,131,132,133,134,135,136,137,138,139,140,141,142,143,144,145,146,147,148,149,150,151,152,153,154,155,156,157,158,159
0,2,4,6,8,10,12,14,16,18,20,22,24,26,28,30,32,34,36,38,40,42,44,46,48,50,52,54,56,58,60,62,64,66,68,70,72,74,76,78,80,82,84,86,88,90,92,94,96,98,100,102,104,106,108,110,112,114,116,118,120,122,124,126,128,130,132,134,136,138,140,142,144,146,148,150,152,154,156,158,160,162,164,166,168,170,172,174,176,178,180,182,184,186,188,190,192,194,196,198,200,202,204,206,208,210,212,214,216,218,220,222,224,226,228,230,232,234,236,238,240,242,244,246,248,250,252,254,256,258,260,262,264,266,268,270,272,274,276,278,280,282,284,286,288,290,292,294,296,298,300,302,304,306,308,310,312,314,316,318
0,3,6,9,12,15,18,21,24,27,30,33,36,39,42,45,48,51,54,57,60,63,66,69,72,75,78,81,84,87,90,93,96,99,102,105,108,111,114,117,120,123,126,129,132,135,138,141,144,147,150,153,156,159,162,165,168,171,174,177,180,183,186,189,192,195,198,201,204,207,210,213,216,219,222,225,228,231,234,237,240,243,246,249,252,255,258,261,264,267,270,273,276,279,282,285,288,291,294,297,300,303,306,309,312,315,318,321,324,327,330,333,336,339,342,345,348,351,354,357,360,363,366,369,372,375,378,381,384,387,390,393,396,399,402,405,408,411,414,417,420,423,426,429,432,435,438,441,444,447,450,453,456,459,462,465,468,471,474,477
0,4,8,12,16,20,24,28,32,36,40,44,48,52,56,60,64,68,72,76,80,84,88,92,96,100,104,108,112,116,120,124,128,132,136,140,144,148,152,156,160,164,168,172,176,180,184,188,192,196,200,204,208,212,216,220,224,228,232,236,240,244,248,252,256,260,264,268,272,276,280,284,288,292,296,300,304,308,312,316,320,324,328,332,336,340,344,348,352,356,360,364,368,372,376,380,384,388,392,396,400,404,408,412,416,420,424,428,432,436,440,444,448,452,456,460,464,468,472,476,480,484,488,492,496,500,504,508,512,516,520,524,528,532,536,540,544,548,552,556,560,564,568,572,576,580,584,588,592,596,600,604,608,612,616,620,624,628,632,636
0,5,10,15,20,25,30,35,40,45,50,55,60,65,70,75,80,85,90,95,100,105,110,115,120,125,130,135,140,145,150,155,160,165,170,175,180,185,190,195,200,205,210,215,220,225,230,235,240,245,250,255,260,265,270,275,280,285,290,295,300,305,310,315,320,325,330,335,340,345,350,355,360,365,370,375,380,385,390,395,400,405,410,415,420,425,430,435,440,445,450,455,460,465,470,475,480,485,490,495,500,505,510,515,520,525,530,535,540,545,550,555,560,565,570,575,580,585,590,595,600,605,610,615,620,625,630,635,640,645,650,655,660,665,670,675,680,685,690,695,700,705,710,715,720,725,730,735,740,745,750,755,760,765,770,775,780,785,790,795
0,6,12,18,24,30,36,42,48,54,60,66,72,78,84,90,96,102,108,114,120,126,132,138,144,150,156,162,168,174,180,186,192,198,204,210,216,222,228,234,240,246,252,258,264,270,276,282,288,294,300,306,312,318,324,330,336,342,348,354,360,366,372,378,384,390,396,402,408,414,420,426,432,438,444,450,456,462,468,474,480,486,492,498,504,510,516,522,528,534,540,546,552,558,564,570,576,582,588,594,600,606,612,618,624,630,636,642,648,654,660,666,672,678,684,690,696,702,708,714,720,726,732,738,744,750,756,762,768,774,780,786,792,798,804,810,816,822,828,834,840,846,852,858,864,870,876,882,888,894,900,906,912,918,924,930,936,942,948,954
0,7,14,21,28,35,42,49,56,63,70,77,84,91,98,105,112,119,126,133,140,147,154,161,168,175,182,189,196,203,210,217,224,231,238,245,252,259,266,273,280,287,294,301,308,315,322,329,336,343,350,357,364,371,378,385,392,399,406,413,420,427,434,441,448,455,462,469,476,483,490,497,504,511,518,525,532,539,546,553,560,567,574,581,588,595,602,609,616,623,630,637,644,651,658,665,672,679,686,693,700,707,714,721,728,735,742,749,756,763,770,777,784,791,798,805,812,819,826,833,840,847,854,861,868,875,882,889,896,903,910,917,924,931,938,945,952,959,966,973,980,987,994,1001,1008,1015,1022,1029,1036,1043,1050,1057,1064,1071,1078,1085,1092,1099,1106,1113
0,8,16,24,32,40,48,56,64,72,80,88,96,104,112,120,128,136,144,152,160,168,176,184,192,200,208,216,224,232,240,248,256,264,272,280,288,296,304,312,320,328,336,344,352,360,368,376,384,392,400,408,416,424,432,440,448,456,464,472,480,488,496,504,512,520,528,536,544,552,560,568,576,584,592,600,608,616,624,632,640,648,656,664,672,680,688,696,704,712,720,728,736,744,752,760,768,776,784,792,800,808,816,824,832,840,848,856,864,872,880,888,896,904,912,920,928,936,944,952,960,968,976,984,992,1000,1008,1016,1024,1032,1040,1048,1056,1064,1072,1080,1088,1096,1104,1112,1120,1128,1136,1144,1152,1160,1168,1176,1184,1192,1200,1208,1216,1224,1232,1240,1248,1256,1264,1272
0,9,18,27,36,45,54,63,72,81,90,99,108,117,126,135,144,153,162,171,180,189,198,207,216,225,234,243,252,261,270,279,288,297,306,315,324,333,342,351,360,369,378,387,396,405,414,423,432,441,450,459,468,477,486,495,504,513,522,531,540,549,558,567,576,585,594,603,612,621,630,639,648,657,666,675,684,693,702,711,720,729,738,747,756,765,774,783,792,801,810,819,828,837,846,855,864,873,882,891,900,909,918,927,936,945,954,963,972,981,990,999,1008,1017,1026,1035,1044,1053,1062,1071,1080,1089,1098,1107,1116,1125,1134,1143,1152,1161,1170,1179,1188,1197,1206,1215,1224,1233,1242,1251,1260,1269,1278,1287,1296,1305,1314,1323,1332,1341,1350,1359,1368,1377,1386,1395,1404,1413,1422,1431
0,10,20,30,40,50,60,70,80,90,100,110,120,130,140,150,160,170,180,190,200,210,220,230,240,250,260,270,280,290,300,310,320,330,340,350,360,370,380,390,400,410,420,430,440,450,460,470,480,490,500,510,520,530,540,550,560,570,580,590,600,610,620,630,640,650,660,670,680,690,700,710,720,730,740,750,760,770,780,790,800,810,820,830,840,850,860,870,880,890,900,910,920,930,940,950,960,970,980,990,1000,1010,1020,1030,1040,1050,1060,1070,1080,1090,1100,1110,1120,1130,1140,1150,1160,1170,1180,1190,1200,1210,1220,1230,1240,1250,1260,1270,1280,1290,1300,1310,1320,1330,1340,1350,1360,1370,1380,1390,1400,1410,1420,1430,1440,1450,1460,1470,1480,1490,1500,1510,1520,1530,1540,1550,1560,1570,1580,1590
0,11,22,33,44,55,66,77,88,99,110,121,132,143,154,165,176,187,198,209,220,231,242,253,264,275,286,297,308,319,330,341,352,363,374,385,396,407,418,429,440,451,462,473,484,495,506,517,528,539,550,561,572,583,594,605,616,627,638,649,660,671,682,693,704,715,726,737,748,759,770,781,792,803,814,825,836,847,858,869,880,891,902,913,924,935,946,957,968,979,990,1001,1012,1023,1034,1045,1056,1067,1078,1089,1100,1111,1122,1133,1144,1155,1166,1177,1188,1199,1210,1221,1232,1243,1254,1265,1276,1287,1298,1309,1320,1331,1342,1353,1364,1375,1386,1397,1408,1419,1430,1441,1452,1463,1474,1485,1496,1507,1518,1529,1540,1551,1562,1573,1584,1595,1606,1617,1628,1639,1650,1661,1672,1683,1694,1705,1716,1727,1738,1749
0,12,24,36,48,60,72,84,96,108,120,132,144,156,168,180,192,204,216,228,240,252,264,276,288,300,312,324,336,348,360,372,384,396,408,420,432,444,456,468,480,492,504,516,528,540,552,564,576,588,600,612,624,636,648,660,672,684,696,708,720,732,744,756,768,780,792,804,816,828,840,852,864,876,888,900,912,924,936,948,960,972,984,996,1008,1020,1032,1044,1056,1068,1080,1092,1104,1116,1128,1140,1152,1164,1176,1188,1200,1212,1224,1236,1248,1260,1272,1284,1296,1308,1320,1332,1344,1356,1368,1380,1392,1404,1416,1428,1440,1452,1464,1476,1488,1500,1512,1524,1536,1548,1560,1572,1584,1596,1608,1620,1632,1644,1656,1668,1680,1692,1704,1716,1728,1740,1752,1764,1776,1788,1800,1812,1824,1836,1848,1860,1872,1884,1896,1908
0,13,26,39,52,65,78,91,104,117,130,143,156,169,182,195,208,221,234,247,260,273,286,299,312,325,338,351,364,377,390,403,416,429,442,455,468,481,494,507,520,533,546,559,572,585,598,611,624,637,650,663,676,689,702,715,728,741,754,767,780,793,806,819,832,845,858,871,884,897,910,923,936,949,962,975,988,1001,1014,1027,1040,1053,1066,1079,1092,1105,1118,1131,1144,1157,1170,1183,1196,1209,1222,1235,1248,1261,1274,1287,1300,1313,1326,1339,1352,1365,1378,1391,1404,1417,1430,1443,1456,1469,1482,1495,1508,1521,1534,1547,1560,1573,1586,1599,1612,1625,1638,1651,1664,1677,1690,1703,1716,1729,1742,1755,1768,1781,1794,1807,1820,1833,1846,1859,1872,1885,1898,1911,1924,1937,1950,1963,1976,1989,2002,2015,2028,2041,2054,2067
0,14,28,42,56,70,84,98,112,126,140,154,168,182,196,210,224,238,252,266,280,294,308,322,336,350,364,378,392,406,420,434,448,462,476,490,504,518,532,546,560,574,588,602,616,630,644,658,672,686,700,714,728,742,756,770,784,798,812,826,840,854,868,882,896,910,924,938,952,966,980,994,1008,1022,1036,1050,1064,1078,1092,1106,1120,1134,1148,1162,1176,1190,1204,1218,1232,1246,1260,1274,1288,1302,1316,1330,1344,1358,1372,1386,1400,1414,1428,1442,1456,1470,1484,1498,1512,1526,1540,1554,1568,1582,1596,1610,1624,1638,1652,1666,1680,1694,1708,1722,1736,1750,1764,1778,1792,1806,1820,1834,1848,1862,1876,1890,1904,1918,1932,1946,1960,1974,1988,2002,2016,2030,2044,2058,2072,2086,2100,2114,2128,2142,2156,2170,2184,2198,2212,2226
0,15,30,45,60,75,90,105,120,135,150,165,180,195,210,225,240,255,270,285,300,315,330,345,360,375,390,405,420,435,450,465,480,495,510,525,540,555,570,585,600,615,630,645,660,675,690,705,720,735,750,765,780,795,810,825,840,855,870,885,900,915,930,945,960,975,990,1005,1020,1035,1050,1065,1080,1095,1110,1125,1140,1155,1170,1185,1200,1215,1230,1245,1260,1275,1290,1305,1320,1335,1350,1365,1380,1395,1410,1425,1440,1455,1470,1485,1500,1515,1530,1545,1560,1575,1590,1605,1620,1635,1650,1665,1680,1695,1710,1725,1740,1755,1770,1785,1800,1815,1830,1845,1860,1875,1890,1905,1920,1935,1950,1965,1980,1995,2010,2025,2040,2055,2070,2085,2100,2115,2130,2145,2160,2175,2190,2205,2220,2235,2250,2265,2280,2295,2310,2325,2340,2355,2370,2385
0,16,32,48,64,80,96,112,128,144,160,176,192,208,224,240,256,272,288,304,320,336,352,368,384,400,416,432,448,464,480,496,512,528,544,560,576,592,608,624,640,656,672,688,704,720,736,752,768,784,800,816,832,848,864,880,896,912,928,944,960,976,992,1008,1024,1040,1056,1072,1088,1104,1120,1136,1152,1168,1184,1200,1216,1232,1248,1264,1280,1296,1312,1328,1344,1360,1376,1392,1408,1424,1440,1456,1472,1488,1504,1520,1536,1552,1568,1584,1600,1616,1632,1648,1664,1680,1696,1712,1728,1744,1760,1776,1792,1808,1824,1840,1856,1872,1888,1904,1920,1936,1952,1968,1984,2000,2016,2032,2048,2064,2080,2096,2112,2128,2144,2160,2176,2192,2208,2224,2240,2256,2272,2288,2304,2320,2336,2352,2368,2384,2400,2416,2432,2448,2464,2480,2496,2512,2528,2544
0,17,34,51,68,85,102,119,136,153,170,187,204,221,238,255,272,289,306,323,340,357,374,391,408,425,442,459,476,493,510,527,544,561,578,595,612,629,646,663,680,697,714,731,748,765,782,799,816,833,850,867,884,901,918,935,952,969,986,1003,1020,1037,1054,1071,1088,1105,1122,1139,1156,1173,1190,1207,1224,1241,1258,1275,1292,1309,1326,1343,1360,1377,1394,1411,1428,1445,1462,1479,1496,1513,1530,1547,1564,1581,1598,1615,1632,1649,1666,1683,1700,1717,1734,1751,1768,1785,1802,1819,1836,1853,1870,1887,1904,1921,1938,1955,1972,1989,2006,2023,2040,2057,2074,2091,2108,2125,2142,2159,2176,2193,2210,2227,2244,2261,2278,2295,2312,2329,2346,2363,2380,2397,2414,2431,2448,2465,2482,2499,2516,2533,2550,2567,2584,2601,2618,2635,2652,2669,2686,2703
0,18,36,54,72,90,108,126,144,162,180,198,216,234,252,270,288,306,324,342,360,378,396,414,432,450,468,486,504,522,540,558,576,594,612,630,648,666,684,702,720,738,756,774,792,810,828,846,864,882,900,918,936,954,972,990,1008,1026,1044,1062,1080,1098,1116,1134,1152,1170,1188,1206,1224,1242,1260,1278,1296,1314,1332,1350,1368,1386,1404,1422,1440,1458,1476,1494,1512,1530,1548,1566,1584,1602,1620,1638,1656,1674,1692,1710,1728,1746,1764,1782,1800,1818,1836,1854,1872,1890,1908,1926,1944,1962,1980,1998,2016,2034,2052,2070,2088,2106,2124,2142,2160,2178,2196,2214,2232,2250,2268,2286,2304,2322,2340,2358,2376,2394,2412,2430,2448,2466,2484,2502,2520,2538,2556,2574,2592,2610,2628,2646,2664,2682,2700,2718,2736,2754,2772,2790,2808,2826,2844,2862
0,19,38,57,76,95,114,133,152,171,190,209,228,247,266,285,304,323,342,361,380,399,418,437,456,475,494,513,532,551,570,589,608,627,646,665,684,703,722,741,760,779,798,817,836,855,874,893,912,931,950,969,988,1007,1026,1045,1064,1083,1102,1121,1140,1159,1178,1197,1216,1235,1254,1273,1292,1311,1330,1349,1368,1387,1406,1425,1444,1463,1482,1501,1520,1539,1558,1577,1596,1615,1634,1653,1672,1691,1710,1729,1748,1767,1786,1805,1824,1843,1862,1881,1900,1919,1938,1957,1976,1995,2014,2033,2052,2071,2090,2109,2128,2147,2166,2185,2204,2223,2242,2261,2280,2299,2318,2337,2356,2375,2394,2413,2432,2451,2470,2489,2508,2527,2546,2565,2584,2603,2622,2641,2660,2679,2698,2717,2736,2755,2774,2793,2812,2831,2850,2869,2888,2907,2926,2945,2964,2983,3002,3021
0,20,40,60,80,100,120,140,160,180,200,220,240,260,280,300,320,340,360,380,400,420,440,460,480,500,520,540,560,580,600,620,640,660,680,700,720,740,760,780,800,820,840,860,880,900,920,940,960,980,1000,1020,1040,1060,1080,1100,1120,1140,1160,1180,1200,1220,1240,1260,1280,1300,1320,1340,1360,1380,1400,1420,1440,1460,1480,1500,1520,1540,1560,1580,1600,1620,1640,1660,1680,1700,1720,1740,1760,1780,1800,1820,1840,1860,1880,1900,1920,1940,1960,1980,2000,2020,2040,2060,2080,2100,2120,2140,2160,2180,2200,2220,2240,2260,2280,2300,2320,2340,2360,2380,2400,2420,2440,2460,2480,2500,2520,2540,2560,2580,2600,2620,2640,2660,2680,2700,2720,2740,2760,2780,2800,2820,2840,2860,2880,2900,2920,2940,2960,2980,3000,3020,3040,3060,3080,3100,3120,3140,3160,3180
0,21,42,63,84,105,126,147,168,189,210,231,252,273,294,315,336,357,378,399,420,441,462,483,504,525,546,567,588,609,630,651,672,693,714,735,756,777,798,819,840,861,882,903,924,945,966,987,1008,1029,1050,1071,1092,1113,1134,1155,1176,1197,1218,1239,1260,1281,1302,1323,1344,1365,1386,1407,1428,1449,1470,1491,1512,1533,1554,1575,1596,1617,1638,1659,1680,1701,1722,1743,1764,1785,1806,1827,1848,1869,1890,1911,1932,1953,1974,1995,2016,2037,2058,2079,2100,2121,2142,2163,2184,2205,2226,2247,2268,2289,2310,2331,2352,2373,2394,2415,2436,2457,2478,2499,2520,2541,2562,2583,2604,2625,2646,2667,2688,2709,2730,2751,2772,2793,2814,2835,2856,2877,2898,2919,2940,2961,2982,3003,3024,3045,3066,3087,3108,3129,3150,3171,3192,3213,3234,3255,3276,3297,3318,3339
0,22,44,66,88,110,132,154,176,198,220,242,264,286,308,330,352,374,396,418,440,462,484,506,528,550,572,594,616,638,660,682,704,726,748,770,792,814,836,858,880,902,924,946,968,990,1012,1034,1056,1078,1100,1122,1144,1166,1188,1210,1232,1254,1276,1298,1320,1342,1364,1386,1408,1430,1452,1474,1496,1518,1540,1562,1584,1606,1628,1650,1672,1694,1716,1738,1760,1782,1804,1826,1848,1870,1892,1914,1936,1958,1980,2002,2024,2046,2068,2090,2112,2134,2156,2178,2200,2222,2244,2266,2288,2310,2332,2354,2376,2398,2420,2442,2464,2486,2508,2530,2552,2574,2596,2618,2640,2662,2684,2706,2728,2750,2772,2794,2816,2838,2860,2882,2904,2926,2948,2970,2992,3014,3036,3058,3080,3102,3124,3146,3168,3190,3212,3234,3256,3278,3300,3322,3344,3366,3388,3410,3432,3454,3476,3498
0,23,46,69,92,115,138,161,184,207,230,253,276,299,322,345,368,391,414,437,460,483,506,529,552,575,598,621,644,667,690,713,736,759,782,805,828,851,874,897,920,943,966,989,1012,1035,1058,1081,1104,1127,1150,1173,1196,1219,1242,1265,1288,1311,1334,1357,1380,1403,1426,1449,1472,1495,1518,1541,1564,1587,1610,1633,1656,1679,1702,1725,1748,1771,1794,1817,1840,1863,1886,1909,1932,1955,1978,2001,2024,2047,2070,2093,2116,2139,2162,2185,2208,2231,2254,2277,2300,2323,2346,2369,2392,2415,2438,2461,2484,2507,2530,2553,2576,2599,2622,2645,2668,2691,2714,2737,2760,2783,2806,2829,2852,2875,2898,2921,2944,2967,2990,3013,3036,3059,3082,3105,3128,3151,3174,3197,3220,3243,3266,3289,3312,3335,3358,3381,3404,3427,3450,3473,3496,3519,3542,3565,3588,3611,3634,3657
0,24,48,72,96,120,144,168,192,216,240,264,288,312,336,360,384,408,432,456,480,504,528,552,576,600,624,648,672,696,720,744,768,792,816,840,864,888,912,936,960,984,1008,1032,1056,1080,1104,1128,1152,1176,1200,1224,1248,1272,1296,1320,1344,1368,1392,1416,1440,1464,1488,1512,1536,1560,1584,1608,1632,1656,1680,1704,1728,1752,1776,1800,1824,1848,1872,1896,1920,1944,1968,1992,2016,2040,2064,2088,2112,2136,2160,2184,2208,2232,2256,2280,2304,2328,2352,2376,2400,2424,2448,2472,2496,2520,2544,2568,2592,2616,2640,2664,2688,2712,2736,2760,2784,2808,2832,2856,2880,2904,2928,2952,2976,3000,3024,3048,3072,3096,3120,3144,3168,3192,3216,3240,3264,3288,3312,3336,3360,3384,3408,3432,3456,3480,3504,3528,3552,3576,3600,3624,3648,3672,3696,3720,3744,3768,3792,3816
0,25,50,75,100,125,150,175,200,225,250,275,300,325,350,375,400,425,450,475,500,525,550,575,600,625,650,675,700,725,750,775,800,825,850,875,900,925,950,975,1000,1025,1050,1075,1100,1125,1150,1175,1200,1225,1250,1275,1300,1325,1350,1375,1400,1425,1450,1475,1500,1525,1550,1575,1600,1625,1650,1675,1700,1725,1750,1775,1800,1825,1850,1875,1900,1925,1950,1975,2000,2025,2050,2075,2100,2125,2150,2175,2200,2225,2250,2275,2300,2325,2350,2375,2400,2425,2450,2475,2500,2525,2550,2575,2600,2625,2650,2675,2700,2725,2750,2775,2800,2825,2850,2875,2900,2925,2950,2975,3000,3025,3050,3075,3100,3125,3150,3175,3200,3225,3250,3275,3300,3325,3350,3375,3400,3425,3450,3475,3500,3525,3550,3575,3600,3625,3650,3675,3700,3725,3750,3775,3800,3825,3850,3875,3900,3925,3950,3975
0,26,52,78,104,130,156,182,208,234,260,286,312,338,364,390,416,442,468,494,520,546,572,598,624,650,676,702,728,754,780,806,832,858,884,910,936,962,988,1014,1040,1066,1092,1118,1144,1170,1196,1222,1248,1274,1300,1326,1352,1378,1404,1430,1456,1482,1508,1534,1560,1586,1612,1638,1664,1690,1716,1742,1768,1794,1820,1846,1872,1898,1924,1950,1976,2002,2028,2054,2080,2106,2132,2158,2184,2210,2236,2262,2288,2314,2340,2366,2392,2418,2444,2470,2496,2522,2548,2574,2600,2626,2652,2678,2704,2730,2756,2782,2808,2834,2860,2886,2912,2938,2964,2990,3016,3042,3068,3094,3120,3146,3172,3198,3224,3250,3276,3302,3328,3354,3380,3406,3432,3458,3484,3510,3536,3562,3588,3614,3640,3666,3692,3718,3744,3770,3796,3822,3848,3874,3900,3926,3952,3978,4004,4030,4056,4082,4108,4134
0,27,54,81,108,135,162,189,216,243,270,297,324,351,378,405,432,459,486,513,540,567,594,621,648,675,702,729,756,783,810,837,864,891,918,945,972,999,1026,1053,1080,1107,1134,1161,1188,1215,1242,1269,1296,1323,1350,1377,1404,1431,1458,1485,1512,1539,1566,1593,1620,1647,1674,1701,1728,1755,1782,1809,1836,1863,1890,1917,1944,1971,1998,2025,2052,2079,2106,2133,2160,2187,2214,2241,2268,2295,2322,2349,2376,2403,2430,2457,2484,2511,2538,2565,2592,2619,2646,2673,2700,2727,2754,2781,2808,2835,2862,2889,2916,2943,2970,2997,3024,3051,3078,3105,3132,3159,3186,3213,3240,3267,3294,3321,3348,3375,3402,3429,3456,3483,3510,3537,3564,3591,3618,3645,3672,3699,3726,3753,3780,3807,3834,3861,3888,3915,3942,3969,3996,4023,4050,4077,4104,4131,4158,4185,4212,4239,4266,4293
0,28,56,84,112,140,168,196,224,252,280,308,336,364,392,420,448,476,504,532,560,588,616,644,672,700,728,756,784,812,840,868,896,924,952,980,1008,1036,1064,1092,1120,1148,1176,1204,1232,1260,1288,1316,1344,1372,1400,1428,1456,1484,1512,1540,1568,1596,1624,1652,1680,1708,1736,1764,1792,1820,1848,1876,1904,1932,1960,1988,2016,2044,2072,2100,2128,2156,2184,2212,2240,2268,2296,2324,2352,2380,2408,2436,2464,2492,2520,2548,2576,2604,2632,2660,2688,2716,2744,2772,2800,2828,2856,2884,2912,2940,2968,2996,3024,3052,3080,3108,3136,3164,3192,3220,3248,3276,3304,3332,3360,3388,3416,3444,3472,3500,3528,3556,3584,3612,3640,3668,3696,3724,3752,3780,3808,3836,3864,3892,3920,3948,3976,4004,4032,4060,4088,4116,4144,4172,4200,4228,4256,4284,4312,4340,4368,4396,4424,4452
0,29,58,87,116,145,174,203,232,261,290,319,348,377,406,435,464,493,522,551,580,609,638,667,696,725,754,783,812,841,870,899,928,957,986,1015,1044,1073,1102,1131,1160,1189,1218,1247,1276,1305,1334,1363,1392,1421,1450,1479,1508,1537,1566,1595,1624,1653,1682,1711,1740,1769,1798,1827,1856,1885,1914,1943,1972,2001,2030,2059,2088,2117,2146,2175,2204,2233,2262,2291,2320,2349,2378,2407,2436,2465,2494,2523,2552,2581,2610,2639,2668,2697,2726,2755,2784,2813,2842,2871,2900,2929,2958,2987,3016,3045,3074,3103,3132,3161,3190,3219,3248,3277,3306,3335,3364,3393,3422,3451,3480,3509,3538,3567,3596,3625,3654,3683,3712,3741,3770,3799,3828,3857,3886,3915,3944,3973,4002,4031,4060,4089,4118,4147,4176,4205,4234,4263,4292,4321,4350,4379,4408,4437,4466,4495,4524,4553,4582,4611
0,30,60,90,120,150,180,210,240,270,300,330,360,390,420,450,480,510,540,570,600,630,660,690,720,750,780,810,840,870,900,930,960,990,1020,1050,1080,1110,1140,1170,1200,1230,1260,1290,1320,1350,1380,1410,1440,1470,1500,1530,1560,1590,1620,1650,1680,1710,1740,1770,1800,1830,1860,1890,1920,1950,1980,2010,2040,2070,2100,2130,2160,2190,2220,2250,2280,2310,2340,2370,2400,2430,2460,2490,2520,2550,2580,2610,2640,2670,2700,2730,2760,2790,2820,2850,2880,2910,2940,2970,3000,3030,3060,3090,3120,3150,3180,3210,3240,3270,3300,3330,3360,3390,3420,3450,3480,3510,3540,3570,3600,3630,3660,3690,3720,3750,3780,3810,3840,3870,3900,3930,3960,3990,4020,4050,4080,4110,4140,4170,4200,4230,4260,4290,4320,4350,4380,4410,4440,4470,4500,4530,4560,4590,4620,4650,4680,4710,4740,4770
0,31,62,93,124,155,186,217,248,279,310,341,372,403,434,465,496,527,558,589,620,651,682,713,744,775,806,837,868,899,930,961,992,1023,1054,1085,1116,1147,1178,1209,1240,1271,1302,1333,1364,1395,1426,1457,1488,1519,1550,1581,1612,1643,1674,1705,1736,1767,1798,1829,1860,1891,1922,1953,1984,2015,2046,2077,2108,2139,2170,2201,2232,2263,2294,2325,2356,2387,2418,2449,2480,2511,2542,2573,2604,2635,2666,2697,2728,2759,2790,2821,2852,2883,2914,2945,2976,3007,3038,3069,3100,3131,3162,3193,3224,3255,3286,3317,3348,3379,3410,3441,3472,3503,3534,3565,3596,3627,3658,3689,3720,3751,3782,3813,3844,3875,3906,3937,3968,3999,4030,4061,4092,4123,4154,4185,4216,4247,4278,4309,4340,4371,4402,4433,4464,4495,4526,4557,4588,4619,4650,4681,4712,4743,4774,4805,4836,4867,4898,4929
0,32,64,96,128,160,192,224,256,288,320,352,384,416,448,480,512,544,576,608,640,672,704,736,768,800,832,864,896,928,960,992,1024,1056,1088,1120,1152,1184,1216,1248,1280,1312,1344,1376,1408,1440,1472,1504,1536,1568,1600,1632,1664,1696,1728,1760,1792,1824,1856,1888,1920,1952,1984,2016,2048,2080,2112,2144,2176,2208,2240,2272,2304,2336,2368,2400,2432,2464,2496,2528,2560,2592,2624,2656,2688,2720,2752,2784,2816,2848,2880,2912,2944,2976,3008,3040,3072,3104,3136,3168,3200,3232,3264,3296,3328,3360,3392,3424,3456,3488,3520,3552,3584,3616,3648,3680,3712,3744,3776,3808,3840,3872,3904,3936,3968,4000,4032,4064,4096,4128,4160,4192,4224,4256,4288,4320,4352,4384,4416,4448,4480,4512,4544,4576,4608,4640,4672,4704,4736,4768,4800,4832,4864,4896,4928,4960,4992,5024,5056,5088
0,33,66,99,132,165,198,231,264,297,330,363,396,429,462,495,528,561,594,627,660,693,726,759,792,825,858,891,924,957,990,1023,1056,1089,1122,1155,1188,1221,1254,1287,1320,1353,1386,1419,1452,1485,1518,1551,1584,1617,1650,1683,1716,1749,1782,1815,1848,1881,1914,1947,1980,2013,2046,2079,2112,2145,2178,2211,2244,2277,2310,2343,2376,2409,2442,2475,2508,2541,2574,2607,2640,2673,2706,2739,2772,2805,2838,2871,2904,2937,2970,3003,3036,3069,3102,3135,3168,3201,3234,3267,3300,3333,3366,3399,3432,3465,3498,3531,3564,3597,3630,3663,3696,3729,3762,3795,3828,3861,3894,3927,3960,3993,4026,4059,4092,4125,4158,4191,4224,4257,4290,4323,4356,4389,4422,4455,4488,4521,4554,4587,4620,4653,4686,4719,4752,4785,4818,4851,4884,4917,4950,4983,5016,5049,5082,5115,5148,5181,5214,5247
0,34,68,102,136,170,204,238,272,306,340,374,408,442,476,510,544,578,612,646,680,714,748,782,816,850,884,918,952,986,1020,1054,1088,1122,1156,1190,1224,1258,1292,1326,1360,1394,1428,1462,1496,1530,1564,1598,1632,1666,1700,1734,1768,1802,1836,1870,1904,1938,1972,2006,2040,2074,2108,2142,2176,2210,2244,2278,2312,2346,2380,2414,2448,2482,2516,2550,2584,2618,2652,2686,2720,2754,2788,2822,2856,2890,2924,2958,2992,3026,3060,3094,3128,3162,3196,3230,3264,3298,3332,3366,3400,3434,3468,3502,3536,3570,3604,3638,3672,3706,3740,3774,3808,3842,3876,3910,3944,3978,4012,4046,4080,4114,4148,4182,4216,4250,4284,4318,4352,4386,4420,4454,4488,4522,4556,4590,4624,4658,4692,4726,4760,4794,4828,4862,4896,4930,4964,4998,5032,5066,5100,5134,5168,5202,5236,5270,5304,5338,5372,5406
0,35,70,105,140,175,210,245,280,315,350,385,420,455,490,525,560,595,630,665,700,735,770,805,840,875,910,945,980,1015,1050,1085,1120,1155,1190,1225,1260,1295,1330,1365,1400,1435,1470,1505,1540,1575,1610,1645,1680,1715,1750,1785,1820,1855,1890,1925,1960,1995,2030,2065,2100,2135,2170,2205,2240,2275,2310,2345,2380,2415,2450,2485,2520,2555,2590,2625,2660,2695,2730,2765,2800,2835,2870,2905,2940,2975,3010,3045,3080,3115,3150,3185,3220,3255,3290,3325,3360,3395,3430,3465,3500,3535,3570,3605,3640,3675,3710,3745,3780,3815,3850,3885,3920,3955,3990,4025,4060,4095,4130,4165,4200,4235,4270,4305,4340,4375,4410,4445,4480,4515,4550,4585,4620,4655,4690,4725,4760,4795,4830,4865,4900,4935,4970,5005,5040,5075,5110,5145,5180,5215,5250,5285,5320,5355,5390,5425,5460,5495,5530,5565
0,36,72,108,144,180,216,252,288,324,360,396,432,468,504,540,576,612,648,684,720,756,792,828,864,900,936,972,1008,1044,1080,1116,1152,1188,1224,1260,1296,1332,1368,1404,1440,1476,1512,1548,1584,1620,1656,1692,1728,1764,1800,1836,1872,1908,1944,1980,2016,2052,2088,2124,2160,2196,2232,2268,2304,2340,2376,2412,2448,2484,2520,2556,2592,2628,2664,2700,2736,2772,2808,2844,2880,2916,2952,2988,3024,3060,3096,3132,3168,3204,3240,3276,3312,3348,3384,3420,3456,3492,3528,3564,3600,3636,3672,3708,3744,3780,3816,3852,3888,3924,3960,3996,4032,4068,4104,4140,4176,4212,4248,4284,4320,4356,4392,4428,4464,4500,4536,4572,4608,4644,4680,4716,4752,4788,4824,4860,4896,4932,4968,5004,5040,5076,5112,5148,5184,5220,5256,5292,5328,5364,5400,5436,5472,5508,5544,5580,5616,5652,5688,5724
0,37,74,111,148,185,222,259,296,333,370,407,444,481,518,555,592,629,666,703,740,777,814,851,888,925,962,999,1036,1073,1110,1147,1184,1221,1258,1295,1332,1369,1406,1443,1480,1517,1554,1591,1628,1665,1702,1739,1776,1813,1850,1887,1924,1961,1998,2035,2072,2109,2146,2183,2220,2257,2294,2331,2368,2405,2442,2479,2516,2553,2590,2627,2664,2701,2738,2775,2812,2849,2886,2923,2960,2997,3034,3071,3108,3145,3182,3219,3256,3293,3330,3367,3404,3441,3478,3515,3552,3589,3626,3663,3700,3737,3774,3811,3848,3885,3922,3959,3996,4033,4070,4107,4144,4181,4218,4255,4292,4329,4366,4403,4440,4477,4514,4551,4588,4625,4662,4699,4736,4773,4810,4847,4884,4921,4958,4995,5032,5069,5106,5143,5180,5217,5254,5291,5328,5365,5402,5439,5476,5513,5550,5587,5624,5661,5698,5735,5772,5809,5846,5883
0,38,76,114,152,190,228,266,304,342,380,418,456,494,532,570,608,646,684,722,760,798,836,874,912,950,988,1026,1064,1102,1140,1178,1216,1254,1292,1330,1368,1406,1444,1482,1520,1558,1596,1634,1672,1710,1748,1786,1824,1862,1900,1938,1976,2014,2052,2090,2128,2166,2204,2242,2280,2318,2356,2394,2432,2470,2508,2546,2584,2622,2660,2698,2736,2774,2812,2850,2888,2926,2964,3002,3040,3078,3116,3154,3192,3230,3268,3306,3344,3382,3420,3458,3496,3534,3572,3610,3648,3686,3724,3762,3800,3838,3876,3914,3952,3990,4028,4066,4104,4142,4180,4218,4256,4294,4332,4370,4408,4446,4484,4522,4560,4598,4636,4674,4712,4750,4788,4826,4864,4902,4940,4978,5016,5054,5092,5130,5168,5206,5244,5282,5320,5358,5396,5434,5472,5510,5548,5586,5624,5662,5700,5738,5776,5814,5852,5890,5928,5966,6004,6042
0,39,78,117,156,195,234,273,312,351,390,429,468,507,546,585,624,663,702,741,780,819,858,897,936,975,1014,1053,1092,1131,1170,1209,1248,1287,1326,1365,1404,1443,1482,1521,1560,1599,1638,1677,1716,1755,1794,1833,1872,1911,1950,1989,2028,2067,2106,2145,2184,2223,2262,2301,2340,2379,2418,2457,2496,2535,2574,2613,2652,2691,2730,2769,2808,2847,2886,2925,2964,3003,3042,3081,3120,3159,3198,3237,3276,3315,3354,3393,3432,3471,3510,3549,3588,3627,3666,3705,3744,3783,3822,3861,3900,3939,3978,4017,4056,4095,4134,4173,4212,4251,4290,4329,4368,4407,4446,4485,4524,4563,4602,4641,4680,4719,4758,4797,4836,4875,4914,4953,4992,5031,5070,5109,5148,5187,5226,5265,5304,5343,5382,5421,5460,5499,5538,5577,5616,5655,5694,5733,5772,5811,5850,5889,5928,5967,6006,6045,6084,6123,6162,6201
0,40,80,120,160,200,240,280,320,360,400,440,480,520,560,600,640,680,720,760,800,840,880,920,960,1000,1040,1080,1120,1160,1200,1240,1280,1320,1360,1400,1440,1480,1520,1560,1600,1640,1680,1720,1760,1800,1840,1880,1920,1960,2000,2040,2080,2120,2160,2200,2240,2280,2320,2360,2400,2440,2480,2520,2560,2600,2640,2680,2720,2760,2800,2840,2880,2920,2960,3000,3040,3080,3120,3160,3200,3240,3280,3320,3360,3400,3440,3480,3520,3560,3600,3640,3680,3720,3760,3800,3840,3880,3920,3960,4000,4040,4080,4120,4160,4200,4240,4280,4320,4360,4400,4440,4480,4520,4560,4600,4640,4680,4720,4760,4800,4840,4880,4920,4960,5000,5040,5080,5120,5160,5200,5240,5280,5320,5360,5400,5440,5480,5520,5560,5600,5640,5680,5720,5760,5800,5840,5880,5920,5960,6000,6040,6080,6120,6160,6200,6240,6280,6320,6360
0,41,82,123,164,205,246,287,328,369,410,451,492,533,574,615,656,697,738,779,820,861,902,943,984,1025,1066,1107,1148,1189,1230,1271,1312,1353,1394,1435,1476,1517,1558,1599,1640,1681,1722,1763,1804,1845,1886,1927,1968,2009,2050,2091,2132,2173,2214,2255,2296,2337,2378,2419,2460,2501,2542,2583,2624,2665,2706,2747,2788,2829,2870,2911,2952,2993,3034,3075,3116,3157,3198,3239,3280,3321,3362,3403,3444,3485,3526,3567,3608,3649,3690,3731,3772,3813,3854,3895,3936,3977,4018,4059,4100,4141,4182,4223,4264,4305,4346,4387,4428,4469,4510,4551,4592,4633,4674,4715,4756,4797,4838,4879,4920,4961,5002,5043,5084,5125,5166,5207,5248,5289,5330,5371,5412,5453,5494,5535,5576,5617,5658,5699,5740,5781,5822,5863,5904,5945,5986,6027,6068,6109,6150,6191,6232,6273,6314,6355,6396,6437,6478,6519
0,42,84,126,168,210,252,294,336,378,420,462,504,546,588,630,672,714,756,798,840,882,924,966,1008,1050,1092,1134,1176,1218,1260,1302,1344,1386,1428,1470,1512,1554,1596,1638,1680,1722,1764,1806,1848,1890,1932,1974,2016,2058,2100,2142,2184,2226,2268,2310,2352,2394,2436,2478,2520,2562,2604,2646,2688,2730,2772,2814,2856,2898,2940,2982,3024,3066,3108,3150,3192,3234,3276,3318,3360,3402,3444,3486,3528,3570,3612,3654,3696,3738,3780,3822,3864,3906,3948,3990,4032,4074,4116,4158,4200,4242,4284,4326,4368,4410,4452,4494,4536,4578,4620,4662,4704,4746,4788,4830,4872,4914,4956,4998,5040,5082,5124,5166,5208,5250,5292,5334,5376,5418,5460,5502,5544,5586,5628,5670,5712,5754,5796,5838,5880,5922,5964,6006,6048,6090,6132,6174,6216,6258,6300,6342,6384,6426,6468,6510,6552,6594,6636,6678
0,43,86,129,172,215,258,301,344,387,430,473,516,559,602,645,688,731,774,817,860,903,946,989,1032,1075,1118,1161,1204,1247,1290,1333,1376,1419,1462,1505,1548,1591,1634,1677,1720,1763,1806,1849,1892,1935,1978,2021,2064,2107,2150,2193,2236,2279,2322,2365,2408,2451,2494,2537,2580,2623,2666,2709,2752,2795,2838,2881,2924,2967,3010,3053,3096,3139,3182,3225,3268,3311,3354,3397,3440,3483,3526,3569,3612,3655,3698,3741,3784,3827,3870,3913,3956,3999,4042,4085,4128,4171,4214,4257,4300,4343,4386,4429,4472,4515,4558,4601,4644,4687,4730,4773,4816,4859,4902,4945,4988,5031,5074,5117,5160,5203,5246,5289,5332,5375,5418,5461,5504,5547,5590,5633,5676,5719,5762,5805,5848,5891,5934,5977,6020,6063,6106,6149,6192,6235,6278,6321,6364,6407,6450,6493,6536,6579,6622,6665,6708,6751,6794,6837
0,44,88,132,176,220,264,308,352,396,440,484,528,572,616,660,704,748,792,836,880,924,968,1012,1056,1100,1144,1188,1232,1276,1320,1364,1408,1452,1496,1540,1584,1628,1672,1716,1760,1804,1848,1892,1936,1980,2024,2068,2112,2156,2200,2244,2288,2332,2376,2420,2464,2508,2552,2596,2640,2684,2728,2772,2816,2860,2904,2948,2992,3036,3080,3124,3168,3212,3256,3300,3344,3388,3432,3476,3520,3564,3608,3652,3696,3740,3784,3828,3872,3916,3960,4004,4048,4092,4136,4180,4224,4268,4312,4356,4400,4444,4488,4532,4576,4620,4664,4708,4752,4796,4840,4884,4928,4972,5016,5060,5104,5148,5192,5236,5280,5324,5368,5412,5456,5500,5544,5588,5632,5676,5720,5764,5808,5852,5896,5940,5984,6028,6072,6116,6160,6204,6248,6292,6336,6380,6424,6468,6512,6556,6600,6644,6688,6732,6776,6820,6864,6908,6952,6996
0,45,90,135,180,225,270,315,360,405,450,495,540,585,630,675,720,765,810,855,900,945,990,1035,1080,1125,1170,1215,1260,1305,1350,1395,1440,1485,1530,1575,1620,1665,1710,1755,1800,1845,1890,1935,1980,2025,2070,2115,2160,2205,2250,2295,2340,2385,2430,2475,2520,2565,2610,2655,2700,2745,2790,2835,2880,2925,2970,3015,3060,3105,3150,3195,3240,3285,3330,3375,3420,3465,3510,3555,3600,3645,3690,3735,3780,3825,3870,3915,3960,4005,4050,4095,4140,4185,4230,4275,4320,4365,4410,4455,4500,4545,4590,4635,4680,4725,4770,4815,4860,4905,4950,4995,5040,5085,5130,5175,5220,5265,5310,5355,5400,5445,5490,5535,5580,5625,5670,5715,5760,5805,5850,5895,5940,5985,6030,6075,6120,6165,6210,6255,6300,6345,6390,6435,6480,6525,6570,6615,6660,6705,6750,6795,6840,6885,6930,6975,7020,7065,7110,7155
0,46,92,138,184,230,276,322,368,414,460,506,552,598,644,690,736,782,828,874,920,966,1012,1058,1104,1150,1196,1242,1288,1334,1380,1426,1472,1518,1564,1610,1656,1702,1748,1794,1840,1886,1932,1978,2024,2070,2116,2162,2208,2254,2300,2346,2392,2438,2484,2530,2576,2622,2668,2714,2760,2806,2852,2898,2944,2990,3036,3082,3128,3174,3220,3266,3312,3358,3404,3450,3496,3542,3588,3634,3680,3726,3772,3818,3864,3910,3956,4002,4048,4094,4140,4186,4232,4278,4324,4370,4416,4462,4508,4554,4600,4646,4692,4738,4784,4830,4876,4922,4968,5014,5060,5106,5152,5198,5244,5290,5336,5382,5428,5474,5520,5566,5612,5658,5704,5750,5796,5842,5888,5934,5980,6026,6072,6118,6164,6210,6256,6302,6348,6394,6440,6486,6532,6578,6624,6670,6716,6762,6808,6854,6900,6946,6992,7038,7084,7130,7176,7222,7268,7314
0,47,94,141,188,235,282,329,376,423,470,517,564,611,658,705,752,799,846,893,940,987,1034,1081,1128,1175,1222,1269,1316,1363,1410,1457,1504,1551,1598,1645,1692,1739,1786,1833,1880,1927,1974,2021,2068,2115,2162,2209,2256,2303,2350,2397,2444,2491,2538,2585,2632,2679,2726,2773,2820,2867,2914,2961,3008,3055,3102,3149,3196,3243,3290,3337,3384,3431,3478,3525,3572,3619,3666,3713,3760,3807,3854,3901,3948,3995,4042,4089,4136,4183,4230,4277,4324,4371,4418,4465,4512,4559,4606,4653,4700,4747,4794,4841,4888,4935,4982,5029,5076,5123,5170,5217,5264,5311,5358,5405,5452,5499,5546,5593,5640,5687,5734,5781,5828,5875,5922,5969,6016,6063,6110,6157,6204,6251,6298,6345,6392,6439,6486,6533,6580,6627,6674,6721,6768,6815,6862,6909,6956,7003,7050,7097,7144,7191,7238,7285,7332,7379,7426,7473
0,48,96,144,192,240,288,336,384,432,480,528,576,624,672,720,768,816,864,912,960,1008,1056,1104,1152,1200,1248,1296,1344,1392,1440,1488,1536,1584,1632,1680,1728,1776,1824,1872,1920,1968,2016,2064,2112,2160,2208,2256,2304,2352,2400,2448,2496,2544,2592,2640,2688,2736,2784,2832,2880,2928,2976,3024,3072,3120,3168,3216,3264,3312,3360,3408,3456,3504,3552,3600,3648,3696,3744,3792,3840,3888,3936,3984,4032,4080,4128,4176,4224,4272,4320,4368,4416,4464,4512,4560,4608,4656,4704,4752,4800,4848,4896,4944,4992,5040,5088,5136,5184,5232,5280,5328,5376,5424,5472,5520,5568,5616,5664,5712,5760,5808,5856,5904,5952,6000,6048,6096,6144,6192,6240,6288,6336,6384,6432,6480,6528,6576,6624,6672,6720,6768,6816,6864,6912,6960,7008,7056,7104,7152,7200,7248,7296,7344,7392,7440,7488,7536,7584,7632
0,49,98,147,196,245,294,343,392,441,490,539,588,637,686,735,784,833,882,931,980,1029,1078,1127,1176,1225,1274,1323,1372,1421,1470,1519,1568,1617,1666,1715,1764,1813,1862,1911,1960,2009,2058,2107,2156,2205,2254,2303,2352,2401,2450,2499,2548,2597,2646,2695,2744,2793,2842,2891,2940,2989,3038,3087,3136,3185,3234,3283,3332,3381,3430,3479,3528,3577,3626,3675,3724,3773,3822,3871,3920,3969,4018,4067,4116,4165,4214,4263,4312,4361,4410,4459,4508,4557,4606,4655,4704,4753,4802,4851,4900,4949,4998,5047,5096,5145,5194,5243,5292,5341,5390,5439,5488,5537,5586,5635,5684,5733,5782,5831,5880,5929,5978,6027,6076,6125,6174,6223,6272,6321,6370,6419,6468,6517,6566,6615,6664,6713,6762,6811,6860,6909,6958,7007,7056,7105,7154,7203,7252,7301,7350,7399,7448,7497,7546,7595,7644,7693,7742,7791
0,50,100,150,200,250,300,350,400,450,500,550,600,650,700,750,800,850,900,950,1000,1050,1100,1150,1200,1250,1300,1350,1400,1450,1500,1550,1600,1650,1700,1750,1800,1850,1900,1950,2000,2050,2100,2150,2200,2250,2300,2350,2400,2450,2500,2550,2600,2650,2700,2750,2800,2850,2900,2950,3000,3050,3100,3150,3200,3250,3300,3350,3400,3450,3500,3550,3600,3650,3700,3750,3800,3850,3900,3950,4000,4050,4100,4150,4200,4250,4300,4350,4400,4450,4500,4550,4600,4650,4700,4750,4800,4850,4900,4950,5000,5050,5100,5150,5200,5250,5300,5350,5400,5450,5500,5550,5600,5650,5700,5750,5800,5850,5900,5950,6000,6050,6100,6150,6200,6250,6300,6350,6400,6450,6500,6550,6600,6650,6700,6750,6800,6850,6900,6950,7000,7050,7100,7150,7200,7250,7300,7350,7400,7450,7500,7550,7600,7650,7700,7750,7800,7850,7900,7950
0,51,102,153,204,255,306,357,408,459,510,561,612,663,714,765,816,867,918,969,1020,1071,1122,1173,1224,1275,1326,1377,1428,1479,1530,1581,1632,1683,1734,1785,1836,1887,1938,1989,2040,2091,2142,2193,2244,2295,2346,2397,2448,2499,2550,2601,2652,2703,2754,2805,2856,2907,2958,3009,3060,3111,3162,3213,3264,3315,3366,3417,3468,3519,3570,3621,3672,3723,3774,3825,3876,3927,3978,4029,4080,4131,4182,4233,4284,4335,4386,4437,4488,4539,4590,4641,4692,4743,4794,4845,4896,4947,4998,5049,5100,5151,5202,5253,5304,5355,5406,5457,5508,5559,5610,5661,5712,5763,5814,5865,5916,5967,6018,6069,6120,6171,6222,6273,6324,6375,6426,6477,6528,6579,6630,6681,6732,6783,6834,6885,6936,6987,7038,7089,7140,7191,7242,7293,7344,7395,7446,7497,7548,7599,7650,7701,7752,7803,7854,7905,7956,8007,8058,8109
0,52,104,156,208,260,312,364,416,468,520,572,624,676,728,780,832,884,936,988,1040,1092,1144,1196,1248,1300,1352,1404,1456,1508,1560,1612,1664,1716,1768,1820,1872,1924,1976,2028,2080,2132,2184,2236,2288,2340,2392,2444,2496,2548,2600,2652,2704,2756,2808,2860,2912,2964,3016,3068,3120,3172,3224,3276,3328,3380,3432,3484,3536,3588,3640,3692,3744,3796,3848,3900,3952,4004,4056,4108,4160,4212,4264,4316,4368,4420,4472,4524,4576,4628,4680,4732,4784,4836,4888,4940,4992,5044,5096,5148,5200,5252,5304,5356,5408,5460,5512,5564,5616,5668,5720,5772,5824,5876,5928,5980,6032,6084,6136,6188,6240,6292,6344,6396,6448,6500,6552,6604,6656,6708,6760,6812,6864,6916,6968,7020,7072,7124,7176,7228,7280,7332,7384,7436,7488,7540,7592,7644,7696,7748,7800,7852,7904,7956,8008,8060,8112,8164,8216,8268
0,53,106,159,212,265,318,371,424,477,530,583,636,689,742,795,848,901,954,1007,1060,1113,1166,1219,1272,1325,1378,1431,1484,1537,1590,1643,1696,1749,1802,1855,1908,1961,2014,2067,2120,2173,2226,2279,2332,2385,2438,2491,2544,2597,2650,2703,2756,2809,2862,2915,2968,3021,3074,3127,3180,3233,3286,3339,3392,3445,3498,3551,3604,3657,3710,3763,3816,3869,3922,3975,4028,4081,4134,4187,4240,4293,4346,4399,4452,4505,4558,4611,4664,4717,4770,4823,4876,4929,4982,5035,5088,5141,5194,5247,5300,5353,5406,5459,5512,5565,5618,5671,5724,5777,5830,5883,5936,5989,6042,6095,6148,6201,6254,6307,6360,6413,6466,6519,6572,6625,6678,6731,6784,6837,6890,6943,6996,7049,7102,7155,7208,7261,7314,7367,7420,7473,7526,7579,7632,7685,7738,7791,7844,7897,7950,8003,8056,8109,8162,8215,8268,8321,8374,8427
0,54,108,162,216,270,324,378,432,486,540,594,648,702,756,810,864,918,972,1026,1080,1134,1188,1242,1296,1350,1404,1458,1512,1566,1620,1674,1728,1782,1836,1890,1944,1998,2052,2106,2160,2214,2268,2322,2376,2430,2484,2538,2592,2646,2700,2754,2808,2862,2916,2970,3024,3078,3132,3186,3240,3294,3348,3402,3456,3510,3564,3618,3672,3726,3780,3834,3888,3942,3996,4050,4104,4158,4212,4266,4320,4374,4428,4482,4536,4590,4644,4698,4752,4806,4860,4914,4968,5022,5076,5130,5184,5238,5292,5346,5400,5454,5508,5562,5616,5670,5724,5778,5832,5886,5940,5994,6048,6102,6156,6210,6264,6318,6372,6426,6480,6534,6588,6642,6696,6750,6804,6858,6912,6966,7020,7074,7128,7182,7236,7290,7344,7398,7452,7506,7560,7614,7668,7722,7776,7830,7884,7938,7992,8046,8100,8154,8208,8262,8316,8370,8424,8478,8532,8586
